 55





 ========================================================================================================================


                                              PIPENET SPRAY/SPRINKLER MODULE



 ========================================================================================================================


                                                    VERSION 1.8       

 ========================================================================================================================

                   Results for :  1._201__layer                                               
                                                                                              
                                                                                              
                                                                                              


                   Licence Owner from key:             

                             Licence Type: UNKNOWN     

                               Key number: Unavailable 

                                 MUS Date: Unavailable 

 ========================================================================================================================




                                                    16:55 on 29-Jun-2026
1


                     LIST OF CONTENTS
                     ================


                                                                  Page
                                                                  ----

      Control Information.........................................   1

      Fluid System................................................   1

      Design Information..........................................   2

      Pipe Configuration..........................................   4

      Nozzle Configuration........................................   9

      Special Equipment...........................................  10

      Designed Diameters & Flowrates..............................  11

      Flow in Pipes...............................................  15

      Flow through Nozzles........................................  19

      Flow at Inlets..............................................  20

      Materials Take Off..........................................  21

      Important Notice............................................  24

      Comments....................................................  25

      Warnings....................................................  26

1

 TITLE : 1._201__layer                                                    DATE : 29-Jun-2026           PAGE    1 OF   26
 -----------------------------------------------------------------------------------------------------------------------

 CONTROL INFORMATION
 -------------------  
    Convergence accuracy      = 1.00E-03
    Maximum no. of iterations =   500
    Elevation Check Tolerance =     0.50 metres  
    Warnings Control Option   =     0
    ****** Diagnostic level   =     2


 FLUID SYSTEM
 ------------

    Fluid Class          =  1 (Liquid              )
    Density              =   998.2     kg/cu.m 
    Viscosity            =  1.0000E-09 Pa.s    
1

 TITLE : 1._201__layer                                                    DATE : 29-Jun-2026           PAGE    2 OF   26
 -----------------------------------------------------------------------------------------------------------------------


 DESIGN INFORMATION
 ------------------


 Waterspray System



  Pipe Materials are :
  Pipe Type                          Lining Type     Thickness(milli.m.)

    9    -- KSD 3507                     Not Lined                                      

 Design to NFPA Rules
 Using the Hazen-Williams Equation

 Velocity Pressure Model: Ignore velocity pressure

 Pressure loss at entrance: Ignore

 Pressure loss at exit: Ignore
1

 TITLE : 1._201__layer                                                    DATE : 29-Jun-2026           PAGE    3 OF   26
 -----------------------------------------------------------------------------------------------------------------------


    AVAILABLE PIPE SIZES AND MAXIMUM VELOCITIES USED FOR PIPE SIZING
    ----------------------------------------------------------------

          KSD 3507                                                                                                      
           Not lined                                                                                                    

     Nom.Bore    Act.Diam    Max.Vel.        Nom.Bore    Act.Diam    Max.Vel.        Nom.Bore    Act.Diam    Max.Vel.   
    (milli.m.)  (milli.m.)  (m/sec   )      (milli.m.)  (milli.m.)  (m/sec   )      (milli.m.)  (milli.m.)  (m/sec   )  
 -----------------------------------------------------------------------------------------------------------------------

       15.0000     16.4000      6.0000                                                                                  
       20.0000     21.9000      6.0000                                                                                  
       25.0000     27.5000      6.0000                                                                                  
       32.0000     36.2000      6.0000                                                                                  
       40.0000     42.1000      6.0000                                                                                  
       50.0000     53.2000      6.0000                                                                                  
       65.0000     69.0000     10.0000                                                                                  
       80.0000     81.0000     10.0000                                                                                  
       90.0000     93.5000     10.0000                                                                                  
      100.0000    105.3000     10.0000                                                                                  
      125.0000    130.1000     10.0000                                                                                  
      150.0000    155.5000     10.0000                                                                                  
      200.0000    204.6000     10.0000                                                                                  
      250.0000    254.6000     10.0000                                                                                  
      300.0000    304.5000     10.0000                                                                                  
1

 TITLE : 1._201__layer                                                    DATE : 29-Jun-2026           PAGE    4 OF   26
 -----------------------------------------------------------------------------------------------------------------------


 PIPE CONFIGURATION
 ------------------

 Pipe Label   Input Node   Output Node    Nom.Bore       Length      Elevation       C      Fitt.eq.lnth  
                                          (milli.m.)    (metres  )    (metres  )    Factor    (metres  ) 
 ---------------------------------------------------------------------------------------------------------
    10           10          125          65.00         2.2000E-02    0.000        120.0        2.134      
    11          123          125          65.00          1.035        0.000        120.0        0.000      
    12          123          124          80.00          1.982        0.000        120.0        0.000      
    13          120          124          125.0          6.250        0.000        120.0        0.000      
    14          120          121          80.00          1.346        0.000        120.0        0.000      
    15          107          121          125.0          4.630        0.000        120.0        0.000      
    16          121          122          80.00         0.3190        0.000        120.0        4.572      
    17          107          108          80.00          1.194        0.000        120.0        0.000      
    18           69          108          65.00          10.09        0.000        120.0        0.000      
    19           68           69          65.00          3.066        0.000        120.0        3.658      
    20           41           68          65.00          2.690        0.000        120.0        3.658      
    21           68           70          40.00         0.6480        0.000        120.0        2.438      
    22           68           73          32.00         0.8340        0.000        120.0        1.829      
    23           37           41          65.00          7.119        0.000        120.0        3.658      
    24           41           42          65.00         8.8000E-02    0.000        120.0        3.658      
    25           41           54          65.00         0.4220        0.000        120.0        3.658      
    26           37           61          50.00          2.132        0.000        120.0        3.048      
    27           37           38          50.00         0.2300        0.000        120.0        3.048      
    28           60           61          40.00         7.3000E-02    0.000        120.0        2.438      
    29           60           67          40.00         0.7280        0.000        120.0        3.658      
    30           59           60          40.00         0.6700        0.000        120.0        0.000      
    31           66           67          40.00         0.3070        0.000        120.0        0.000      
    32           26           38          50.00          1.072        0.000        120.0        3.048      
    33           22           26          25.00         0.6490        0.000        120.0        0.000      
    34           26           30          25.00         0.3250        0.000        120.0        1.524      
    35           21           22          25.00         0.6170        0.000        120.0        0.000      
    36           30           31          50.00         0.8680        0.000        120.0        1.524      
    37           42           47          65.00         0.5130        0.000        120.0        3.658      
    38           34           42          65.00         0.4030        0.000        120.0        1.829      
    39           45           47          65.00         2.7000E-02    0.000        120.0        0.000      
    40           47           56          65.00         0.6650        0.000        120.0        4.572      
    41           55           56          65.00          2.406        0.000        120.0        0.000      
    42           15           56          65.00          3.312        0.000        120.0        0.000      
    43           40           55          50.00         0.4610        0.000        120.0        3.048      
    44           39           40          50.00         0.3870        0.000        120.0        0.000      
    45           40           43          50.00         0.4590        0.000        120.0        3.048      
    46           40           48          65.00         0.5530        0.000        120.0        3.658      
    47           19           39          50.00          2.501        0.000        120.0        3.048      
    48           19           20          25.00         0.2800        0.000        120.0        1.524      
    49           11           19          25.00         0.6910        0.000        120.0       0.9144      
    50           16           20          25.00         0.9730        0.000        120.0       0.6096      
    51           52           54          65.00         7.2000E-02    0.000        120.0        0.000      
    52           51           52          65.00          3.021        0.000        120.0        3.658      
1

 TITLE : 1._201__layer                                                    DATE : 29-Jun-2026           PAGE    5 OF   26
 -----------------------------------------------------------------------------------------------------------------------


 PIPE CONFIGURATION
 ------------------

 Pipe Label   Input Node   Output Node    Nom.Bore       Length      Elevation       C      Fitt.eq.lnth  
                                          (milli.m.)    (metres  )    (metres  )    Factor    (metres  ) 
 ---------------------------------------------------------------------------------------------------------
    53           17           51          25.00          3.047        0.000        120.0        0.000      
    54           50           51          25.00         8.7000E-02    0.000        120.0        1.524      
    55           14           17          25.00         0.7860        0.000        120.0        0.000      
    56           33           43          50.00          1.171        0.000        120.0        0.000      
    57           32           33          50.00         1.0000E-02    0.000        120.0        0.000      
    58           29           50          25.00          1.073        0.000        120.0        0.000      
    59           36           50          25.00         0.8880        0.000        120.0       0.6096      
    60           23           29          25.00         0.7540        0.000        120.0       0.9144      
    61           23           24          25.00         1.2000E-02    0.000        120.0        0.000      
    62           12           15          25.00         0.3410        0.000        120.0       0.3048      
    63           36           49          25.00         0.3410        0.000        120.0       0.3048      
    64           46           49          25.00         2.5000E-02    0.000        120.0        0.000      
    65           44           48          65.00         2.5000E-02    0.000        120.0        0.000      
    66           34           35          32.00         0.5580        0.000        120.0        0.000      
    67           18           35          25.00          2.288        0.000        120.0        0.000      
    68           35           53          65.00         0.8990        0.000        120.0        3.658      
    69           25           35          25.00         0.8750        0.000        120.0        0.000      
    70           13           18          25.00         0.7200        0.000        120.0        0.000      
    71           53           58          65.00          1.168        0.000        120.0        0.000      
    72           57           58          65.00         1.6000E-02    0.000        120.0        0.000      
    73           25           27          25.00         0.7910        0.000        120.0       0.9144      
    74           27           28          25.00         2.2000E-02    0.000        120.0        0.000      
    75          119          122          80.00          2.494        0.000        120.0        0.000      
    76          118          119          65.00         0.2980        0.000        120.0        3.658      
    77          113          118          125.0         0.7490        0.000        120.0        0.000      
    78          116          118          40.00         0.5910        0.000        120.0        1.219      
    79          112          113          65.00          3.114        0.000        120.0        0.000      
    80          104          112          65.00          3.066        0.000        120.0        0.000      
    81          104          106          65.00          2.690        0.000        120.0        0.000      
    82           77          106          50.00          7.119        0.000        120.0        3.048      
    83          105          106          65.00         0.3500        0.000        120.0        0.000      
    84          103          106          65.00         0.9050        0.000        120.0        0.000      
    85           76           77          40.00          2.132        0.000        120.0        0.000      
    86           77           79          50.00         0.2300        0.000        120.0        3.048      
    87           74           77          50.00         0.4830        0.000        120.0        0.000      
    88           76           78          40.00         7.3000E-02    0.000        120.0        0.000      
    89           78           81          40.00         0.7280        0.000        120.0        3.658      
    90           78           82          40.00         0.6800        0.000        120.0        2.438      
    91           81           83          40.00         0.3070        0.000        120.0        0.000      
    92           79           80          50.00          1.721        0.000        120.0        0.000      
    93           75           80          25.00         0.6230        0.000        120.0        0.000      
    94          101          103          65.00         0.3600        0.000        120.0        3.658      
    95           95          101          65.00          2.406        0.000        120.0        0.000      
1

 TITLE : 1._201__layer                                                    DATE : 29-Jun-2026           PAGE    6 OF   26
 -----------------------------------------------------------------------------------------------------------------------


 PIPE CONFIGURATION
 ------------------

 Pipe Label   Input Node   Output Node    Nom.Bore       Length      Elevation       C      Fitt.eq.lnth  
                                          (milli.m.)    (metres  )    (metres  )    Factor    (metres  ) 
 ---------------------------------------------------------------------------------------------------------
    96          101          102          65.00          3.312        0.000        120.0        3.658      
    97           95           96          65.00         0.4610        0.000        120.0        0.000      
    98           91           96          50.00         0.3870        0.000        120.0        0.000      
    99           90           96          50.00         0.4590        0.000        120.0        0.000      
   100           96           98          65.00         0.5530        0.000        120.0        3.658      
   101           91           92          50.00          2.501        0.000        120.0        0.000      
   102           89           92          25.00         0.2800        0.000        120.0        0.000      
   103           92           93          25.00         0.6650        0.000        120.0        2.438      
   104           88           89          25.00         0.9670        0.000        120.0       0.6096      
   105           85          116          25.00          8.663        0.000        120.0        0.000      
   106           84           85          80.00         0.5070        0.000        120.0        2.134      
   107           72           84          50.00          2.813        0.000        120.0        0.000      
   108           71           72          40.00          4.636        0.000        120.0        0.000      
   109           64           71          25.00         0.3650        0.000        120.0       0.3048      
   110           93           94          25.00         2.6000E-02    0.000        120.0        0.000      
   111           62           70          40.00         0.7610        0.000        120.0        1.829      
   112           62           63          40.00         1.8000E-02    0.000        120.0        0.000      
   113           65           73          32.00         0.5690        0.000        120.0        0.000      
   114          105          111          65.00          3.021        0.000        120.0        0.000      
   115          109          111          25.00          3.047        0.000        120.0        0.000      
   116          110          111          25.00          1.160        0.000        120.0        0.000      
   117          109          117          25.00         0.7950        0.000        120.0        0.000      
   118           86           90          50.00          1.171        0.000        120.0        0.000      
   119           86           87          50.00         1.4000E-02    0.000        120.0        0.000      
   120          110          114          25.00         0.7540        0.000        120.0       0.9144      
   121          114          115          25.00         1.0000E-02    0.000        120.0        0.000      
   122          100          102          25.00         0.3160        0.000        120.0       0.3048      
   123           99          100          25.00         1.9000E-02    0.000        120.0        0.000      
   124           97           98          65.00         5.7000E-02    0.000        120.0        0.000      
 M1/0         M1/0         M2/0           150.0          1.540        0.000        120.0        10.67      
 M2/0         M2/0         M3/0           150.0         0.3070        0.000        120.0        0.000      
 M3/0         M3/0         M4/0           150.0          2.153        0.000        120.0        0.000      
 M4/0         M4/0         M5/0           150.0         0.7340        0.000        120.0        0.000      
 M5/0         M5/0         M6/0           150.0          1.598        0.000        120.0        0.000      
 M6/0         M6/0         M7/0           150.0          4.082        0.000        120.0        0.000      
 M7/0         M7/0         M8/0           150.0         0.7500        0.000        120.0        0.000      
 M8/0         M8/0         M9/0           150.0          3.094        0.000        120.0        0.000      
 M9/0         M9/0         M10/0          150.0          1.069        0.000        120.0        0.000      
 M10/0        M10/0        M11/0          150.0          4.078        0.000        120.0        0.000      
 M11/0        M11/0        M12/0          150.0          4.530        0.000        120.0        0.000      
 M12/0        M12/0        M13/0          150.0          3.250        0.000        120.0        0.000      
 M13/0        M13/0        M14/0          150.0          1.989        0.000        120.0        0.000      
 M14/0        M14/0        M15/0          150.0          5.919        0.000        120.0        0.000      
1

 TITLE : 1._201__layer                                                    DATE : 29-Jun-2026           PAGE    7 OF   26
 -----------------------------------------------------------------------------------------------------------------------


 PIPE CONFIGURATION
 ------------------

 Pipe Label   Input Node   Output Node    Nom.Bore       Length      Elevation       C      Fitt.eq.lnth  
                                          (milli.m.)    (metres  )    (metres  )    Factor    (metres  ) 
 ---------------------------------------------------------------------------------------------------------
 M15/0        M15/0        M16/0          150.0          1.376        0.000        120.0        0.000      
 M16/0        M16/0        M17/0          150.0         0.8660        0.000        120.0        0.000      
 M17/0        M17/0            1          150.0         0.4950        0.000        120.0        0.000      
 R1/0             1        N2/0           150.0         0.1510        0.000        120.0        0.000      
 R2/0         N2/0         N3/0           150.0         0.1950      -0.1940        120.0        0.000      
 R3/0         N3/0         N4/0           150.0         0.9010        0.000        120.0        0.000      
 R4/0         N4/0            10          150.0          53.19       -53.19        120.0        0.000      
   
   
 PIPE FITTINGS
 -------------
   
 Pipe         Number x Type  Equivalent Length
 Label                          (metres  )
 ----------------------------------------------------------------------------------------------------
    10         1 x  9    2.134                                                                       
    16         1 x  4    4.572                                                                       
    19         1 x  4    3.658                                                                       
    20         1 x  4    3.658                                                                       
    21         1 x  4    2.438                                                                       
    22         1 x  4    1.829                                                                       
    23         1 x  4    3.658                                                                       
    24         1 x  4    3.658                                                                       
    25         1 x  4    3.658                                                                       
    26         1 x  4    3.048                                                                       
    27         1 x  4    3.048                                                                       
    28         1 x  4    2.438                                                                       
    29         1 x  2    1.219       1 x  4    2.438                                                 
    32         1 x  4    3.048                                                                       
    34         1 x  4    1.524                                                                       
    36         1 x  2    1.524                                                                       
    37         1 x  4    3.658                                                                       
    38         1 x  2    1.829                                                                       
    40         1 x  1   0.9144       1 x  4    3.658                                                 
    43         1 x  4    3.048                                                                       
    45         1 x  4    3.048                                                                       
    46         1 x  4    3.658                                                                       
    47         1 x  4    3.048                                                                       
    48         1 x  4    1.524                                                                       
    49         1 x  1   0.3048       1 x  2   0.6096                                                 
    50         1 x  2   0.6096                                                                       
    52         1 x  4    3.658                                                                       
    54         1 x  4    1.524                                                                       
1

 TITLE : 1._201__layer                                                    DATE : 29-Jun-2026           PAGE    8 OF   26
 -----------------------------------------------------------------------------------------------------------------------
   
   
 PIPE FITTINGS
 -------------
   
 Pipe         Number x Type  Equivalent Length
 Label                          (metres  )
 ----------------------------------------------------------------------------------------------------
    59         1 x  2   0.6096                                                                       
    60         1 x  1   0.3048       1 x  2   0.6096                                                 
    62         1 x  1   0.3048                                                                       
    63         1 x  1   0.3048                                                                       
    68         1 x  4    3.658                                                                       
    73         1 x  1   0.3048       1 x  2   0.6096                                                 
    76         1 x  4    3.658                                                                       
    78         1 x  2    1.219                                                                       
    82         1 x  4    3.048                                                                       
    86         1 x  4    3.048                                                                       
    89         1 x  2    1.219       1 x  4    2.438                                                 
    90         1 x  4    2.438                                                                       
    94         1 x  4    3.658                                                                       
    96         1 x  4    3.658                                                                       
   100         1 x  4    3.658                                                                       
   103         1 x  1   0.3048       1 x  2   0.6096       1 x  4    1.524                           
   104         1 x  2   0.6096                                                                       
   106         1 x  2    2.134                                                                       
   109         1 x  1   0.3048                                                                       
   111         1 x  1   0.6096       1 x  2    1.219                                                 
   120         1 x  1   0.3048       1 x  2   0.6096                                                 
   122         1 x  1   0.3048                                                                       
 M1/0          1 x  5   0.9144       1 x  6    9.754                                                 

 Fitting types are :
  1 -- 45 Deg Elbow                            
  2 --  90 Deg Standard Elbow                  
  3 -- 90 Deg Long Radius Elbow                
  4 -- Tee or Cross (Flow Turned Thro 90 Deg)  
  5 -- Gate Valve                              
  6 -- Swing Check Valve                       
  7 -- Non-Return Valve                        
  8 -- Ball Valve                              
  9 -- Butterfly Valve                         
1

 TITLE : 1._201__layer                                                    DATE : 29-Jun-2026           PAGE    9 OF   26
 -----------------------------------------------------------------------------------------------------------------------



 NOZZLE CONFIGURATION
 --------------------

   Nozzle       Input       Nozzle      K-Factor        Req Flow         Min Press        Max Press
   Label        Node         Type                      (lit/min )       (kg/cm2 G)       (kg/cm2 G)
 ---------------------------------------------------------------------------------------------------
     1            66           1         80.0000          79.9998      0.10000E+01      0.12000E+02
     2            59           1         80.0000          79.9998      0.10000E+01      0.12000E+02
     3            21           1         80.0000          79.9998      0.10000E+01      0.12000E+02
     4            31           1         80.0000          79.9998      0.10000E+01      0.12000E+02
     5            16           1         80.0000          79.9998      0.10000E+01      0.12000E+02
     6            11           1         80.0000          79.9998      0.10000E+01      0.12000E+02
     7            14           1         80.0000          79.9998      0.10000E+01      0.12000E+02
     8            32           1         80.0000          79.9998      0.10000E+01      0.12000E+02
     9            24           1         80.0000          79.9998      0.10000E+01      0.12000E+02
    10            12           1         80.0000          79.9998      0.10000E+01      0.12000E+02
    11            46           1         80.0000          79.9998      0.10000E+01      0.12000E+02
    12            44           1         80.0000          79.9998      0.10000E+01      0.12000E+02
    13            13           1         80.0000          79.9998      0.10000E+01      0.12000E+02
    14            57           1         80.0000          79.9998      0.10000E+01      0.12000E+02
    15            28           1         80.0000          79.9998      0.10000E+01      0.12000E+02
    16            83           1         80.0000          79.9998      0.10000E+01      0.12000E+02
    17            82           1         80.0000          79.9998      0.10000E+01      0.12000E+02
    18            75           1         80.0000          79.9998      0.10000E+01      0.12000E+02
    19            45           1         80.0000          79.9998      0.10000E+01      0.12000E+02
    20            88           1         80.0000          79.9998      0.10000E+01      0.12000E+02
    21            64           1         80.0000          79.9998      0.10000E+01      0.12000E+02
    22            94           1         80.0000          79.9998      0.10000E+01      0.12000E+02
    23            63           1         80.0000          79.9998      0.10000E+01      0.12000E+02
    24            65           1         80.0000          79.9998      0.10000E+01      0.12000E+02
    25            74           1         80.0000          79.9998      0.10000E+01      0.12000E+02
    26           117           1         80.0000          79.9998      0.10000E+01      0.12000E+02
    27            87           1         80.0000          79.9998      0.10000E+01      0.12000E+02
    28           115           1         80.0000          79.9998      0.10000E+01      0.12000E+02
    29            99           1         80.0000          79.9998      0.10000E+01      0.12000E+02
    30            97           1         80.0000          79.9998      0.10000E+01      0.12000E+02



 Nozzle types are :
    1 -- SP-HEAD                       
1

 TITLE : 1._201__layer                                                    DATE : 29-Jun-2026           PAGE   10 OF   26
 -----------------------------------------------------------------------------------------------------------------------



 SPECIAL EQUIPMENT
 -----------------

 Equipment           Pipe            Equivalent Length    Description
     Label           Label            (metres  )
 --------------------------------------------------------------------
       1              10               0.12900E+02       A/V                 
       2              61               0.15620E+02       FX                  
       3              74               0.15620E+02       FX                  
       4              64               0.15620E+02       FX                  
       5              62               0.15620E+02       FX                  
       6              30               0.15620E+02       FX                  
       7              36               0.15620E+02       FX                  
       8              57               0.15620E+02       FX                  
       9              49               0.15620E+02       FX                  
      10              31               0.15620E+02       FX                  
      11             109               0.15620E+02       FX                  
      12             112               0.15620E+02       FX                  
      13             121               0.15620E+02       FX                  
      14             123               0.15620E+02       FX                  
      15              90               0.15620E+02       FX                  
      16              87               0.15620E+02       FX                  
      17             119               0.15620E+02       FX                  
      18             110               0.15620E+02       FX                  
      19              91               0.15620E+02       FX                  
      20              72               0.15620E+02       FX                  
      21              39               0.15620E+02       FX                  
      22              65               0.15620E+02       FX                  
      23             124               0.15620E+02       FX                  
      24              35               0.15620E+02       FX                  
      25              50               0.15620E+02       FX                  
      26              55               0.15620E+02       FX                  
      27              70               0.15620E+02       FX                  
      28              93               0.15620E+02       FX                  
      29             104               0.15620E+02       FX                  
      30             113               0.15620E+02       FX                  
      31             117               0.15620E+02       FX                  
1

 TITLE : 1._201__layer                                                    DATE : 29-Jun-2026           PAGE   11 OF   26
 -----------------------------------------------------------------------------------------------------------------------



 DESIGNED DIAMETERS & FLOWRATES
 ------------------------------


  Pipe        Input        Output         Flowrate    Pipe     Act. Bore  Nom. Size  Pipe
  Label       Node         Node           (lit/min )  Type     (milli.m.) (milli.m.) Group
 ------------------------------------------------------------------------------------------
    10           10          125           2286.1230    9        69.0000     65.0000      *
    11          123          125          -2286.1230    9        69.0000     65.0000      *
    12          123          124           2286.1230    9        81.0000     80.0000      *
    13          120          124          -2286.1230    9       130.1000    125.0000      *
    14          120          121           2286.1230    9        81.0000     80.0000      *
    15          107          121          -1243.9625    9       130.1000    125.0000      *
    16          121          122           1042.1605    9        81.0000     80.0000      *
    17          107          108           1243.9625    9        81.0000     80.0000      *
    18           69          108          -1243.9623    9        69.0000     65.0000      *
    19           68           69          -1243.9623    9        69.0000     65.0000      *
    20           41           68          -1074.0737    9        69.0000     65.0000      *
    21           68           70             86.1804    9        42.1000     40.0000      *
    22           68           73             83.7083    9        36.2000     32.0000      *
    23           37           41           -286.1825    9        69.0000     65.0000      *
    24           41           42            603.5074    9        69.0000     65.0000      *
    25           41           54            184.3837    9        69.0000     65.0000      *
    26           37           61            148.1525    9        53.2000     50.0000      *
    27           37           38            138.0300    9        53.2000     50.0000      *
    28           60           61           -148.1525    9        42.1000     40.0000      *
    29           60           67             73.8218    9        42.1000     40.0000      *
    30           59           60            -74.3307    9        42.1000     40.0000      *
    31           66           67            -73.8218    9        42.1000     40.0000      *
    32           26           38           -138.0300    9        53.2000     50.0000      *
    33           22           26            -63.2829    9        27.5000     25.0000      *
    34           26           30             74.7471    9        27.5000     25.0000      *
    35           21           22            -63.2829    9        27.5000     25.0000      *
    36           30           31             74.7471    9        53.2000     50.0000      *
    37           42           47            403.5791    9        69.0000     65.0000      *
    38           34           42           -199.9283    9        69.0000     65.0000      *
    39           45           47            -76.5395    9        69.0000     65.0000      *
    40           47           56            327.0396    9        69.0000     65.0000      *
    41           55           56           -264.8072    9        69.0000     65.0000      *
    42           15           56            -62.2325    9        69.0000     65.0000      *
    43           40           55           -264.8071    9        53.2000     50.0000      *
    44           39           40           -118.1141    9        53.2000     50.0000      *
    45           40           43             73.0375    9        53.2000     50.0000      *
    46           40           48             73.6556    9        69.0000     65.0000      *
    47           19           39           -118.1141    9        53.2000     50.0000      *
    48           19           20             58.5347    9        27.5000     25.0000      *
1

 TITLE : 1._201__layer                                                    DATE : 29-Jun-2026           PAGE   12 OF   26
 -----------------------------------------------------------------------------------------------------------------------



 DESIGNED DIAMETERS & FLOWRATES
 ------------------------------


  Pipe        Input        Output         Flowrate    Pipe     Act. Bore  Nom. Size  Pipe
  Label       Node         Node           (lit/min )  Type     (milli.m.) (milli.m.) Group
 ------------------------------------------------------------------------------------------
    49           11           19            -59.5794    9        27.5000     25.0000      *
    50           16           20            -58.5347    9        27.5000     25.0000      *
    51           52           54           -184.3837    9        69.0000     65.0000      *
    52           51           52           -184.3837    9        69.0000     65.0000      *
    53           17           51            -63.1599    9        27.5000     25.0000      *
    54           50           51           -121.2239    9        27.5000     25.0000      *
    55           14           17            -63.1599    9        27.5000     25.0000      *
    56           33           43            -73.0375    9        53.2000     50.0000      *
    57           32           33            -73.0375    9        53.2000     50.0000      *
    58           29           50            -60.4362    9        27.5000     25.0000      *
    59           36           50            -60.7877    9        27.5000     25.0000      *
    60           23           29            -60.4362    9        27.5000     25.0000      *
    61           23           24             60.4362    9        27.5000     25.0000      *
    62           12           15            -62.2325    9        27.5000     25.0000      *
    63           36           49             60.7877    9        27.5000     25.0000      *
    64           46           49            -60.7877    9        27.5000     25.0000      *
    65           44           48            -73.6556    9        69.0000     65.0000      *
    66           34           35            199.9283    9        36.2000     32.0000      *
    67           18           35            -61.6011    9        27.5000     25.0000      *
    68           35           53             76.4800    9        69.0000     65.0000      *
    69           25           35            -61.8473    9        27.5000     25.0000      *
    70           13           18            -61.6011    9        27.5000     25.0000      *
    71           53           58             76.4800    9        69.0000     65.0000      *
    72           57           58            -76.4800    9        69.0000     65.0000      *
    73           25           27             61.8473    9        27.5000     25.0000      *
    74           27           28             61.8473    9        27.5000     25.0000      *
    75          119          122          -1042.1605    9        81.0000     80.0000      *
    76          118          119          -1042.1606    9        69.0000     65.0000      *
    77          113          118           -958.7781    9       130.1000    125.0000      *
    78          116          118            -83.3826    9        42.1000     40.0000      *
    79          112          113           -958.7780    9        69.0000     65.0000      *
    80          104          112           -958.7780    9        69.0000     65.0000      *
    81          104          106            958.7780    9        69.0000     65.0000      *
    82           77          106           -354.6131    9        53.2000     50.0000      *
    83          105          106           -162.8556    9        69.0000     65.0000      *
    84          103          106           -441.3092    9        69.0000     65.0000      *
    85           76           77           -181.7839    9        42.1000     40.0000      *
    86           77           79             78.4930    9        53.2000     50.0000      *
    87           74           77            -94.3362    9        53.2000     50.0000      *
1

 TITLE : 1._201__layer                                                    DATE : 29-Jun-2026           PAGE   13 OF   26
 -----------------------------------------------------------------------------------------------------------------------



 DESIGNED DIAMETERS & FLOWRATES
 ------------------------------


  Pipe        Input        Output         Flowrate    Pipe     Act. Bore  Nom. Size  Pipe
  Label       Node         Node           (lit/min )  Type     (milli.m.) (milli.m.) Group
 ------------------------------------------------------------------------------------------
    88           76           78            181.7839    9        42.1000     40.0000      *
    89           78           81             90.7737    9        42.1000     40.0000      *
    90           78           82             91.0103    9        42.1000     40.0000      *
    91           81           83             90.7737    9        42.1000     40.0000      *
    92           79           80             78.4930    9        53.2000     50.0000      *
    93           75           80            -78.4930    9        27.5000     25.0000      *
    94          101          103           -441.3092    9        69.0000     65.0000      *
    95           95          101           -358.6877    9        69.0000     65.0000      *
    96          101          102             82.6216    9        69.0000     65.0000      *
    97           95           96            358.6877    9        69.0000     65.0000      *
    98           91           96           -160.9638    9        53.2000     50.0000      *
    99           90           96            -98.5455    9        53.2000     50.0000      *
   100           96           98             99.1784    9        69.0000     65.0000      *
   101           91           92            160.9638    9        53.2000     50.0000      *
   102           89           92            -80.9759    9        27.5000     25.0000      *
   103           92           93             79.9879    9        27.5000     25.0000      *
   104           88           89            -80.9759    9        27.5000     25.0000      *
   105           85          116            -83.3826    9        27.5000     25.0000      *
   106           84           85            -83.3826    9        81.0000     80.0000      *
   107           72           84            -83.3826    9        53.2000     50.0000      *
   108           71           72            -83.3826    9        42.1000     40.0000      *
   109           64           71            -83.3826    9        27.5000     25.0000      *
   110           93           94             79.9879    9        27.5000     25.0000      *
   111           62           70            -86.1804    9        42.1000     40.0000      *
   112           62           63             86.1804    9        42.1000     40.0000      *
   113           65           73            -83.7083    9        36.2000     32.0000      *
   114          105          111            162.8556    9        69.0000     65.0000      *
   115          109          111            -81.0401    9        27.5000     25.0000      *
   116          110          111            -81.8155    9        27.5000     25.0000      *
   117          109          117             81.0401    9        27.5000     25.0000      *
   118           86           90            -98.5455    9        53.2000     50.0000      *
   119           86           87             98.5455    9        53.2000     50.0000      *
   120          110          114             81.8155    9        27.5000     25.0000      *
   121          114          115             81.8155    9        27.5000     25.0000      *
   122          100          102            -82.6216    9        27.5000     25.0000      *
   123           99          100            -82.6216    9        27.5000     25.0000      *
   124           97           98            -99.1784    9        69.0000     65.0000      *
 M1/0         M1/0         M2/0            2286.1228    9       155.5000    150.0000      *
 M2/0         M2/0         M3/0            2286.1228    9       155.5000    150.0000      *
1

 TITLE : 1._201__layer                                                    DATE : 29-Jun-2026           PAGE   14 OF   26
 -----------------------------------------------------------------------------------------------------------------------



 DESIGNED DIAMETERS & FLOWRATES
 ------------------------------


  Pipe        Input        Output         Flowrate    Pipe     Act. Bore  Nom. Size  Pipe
  Label       Node         Node           (lit/min )  Type     (milli.m.) (milli.m.) Group
 ------------------------------------------------------------------------------------------
 M3/0         M3/0         M4/0            2286.1228    9       155.5000    150.0000      *
 M4/0         M4/0         M5/0            2286.1228    9       155.5000    150.0000      *
 M5/0         M5/0         M6/0            2286.1228    9       155.5000    150.0000      *
 M6/0         M6/0         M7/0            2286.1228    9       155.5000    150.0000      *
 M7/0         M7/0         M8/0            2286.1228    9       155.5000    150.0000      *
 M8/0         M8/0         M9/0            2286.1228    9       155.5000    150.0000      *
 M9/0         M9/0         M10/0           2286.1228    9       155.5000    150.0000      *
 M10/0        M10/0        M11/0           2286.1228    9       155.5000    150.0000      *
 M11/0        M11/0        M12/0           2286.1228    9       155.5000    150.0000      *
 M12/0        M12/0        M13/0           2286.1228    9       155.5000    150.0000      *
 M13/0        M13/0        M14/0           2286.1228    9       155.5000    150.0000      *
 M14/0        M14/0        M15/0           2286.1228    9       155.5000    150.0000      *
 M15/0        M15/0        M16/0           2286.1228    9       155.5000    150.0000      *
 M16/0        M16/0        M17/0           2286.1228    9       155.5000    150.0000      *
 M17/0        M17/0            1           2286.1228    9       155.5000    150.0000      *
 R1/0             1        N2/0            2286.1228    9       155.5000    150.0000      *
 R2/0         N2/0         N3/0            2286.1228    9       155.5000    150.0000      *
 R3/0         N3/0         N4/0            2286.1228    9       155.5000    150.0000      *
 R4/0         N4/0            10           2286.1228    9       155.5000    150.0000      *

 A * indicates that this is a SET diameter

 Pipe Materials are :
 Pipe Type                          Lining Type     Thickness(milli.m.)

    9    -- KSD 3507                     Not Lined
1

 TITLE : 1._201__layer                                                    DATE : 29-Jun-2026           PAGE   15 OF   26
 -----------------------------------------------------------------------------------------------------------------------



 FLOW IN PIPES
 -------------

 Pipe         Input        Output    Nom.Bore  Inlet Pr.   Outlet Pr.  Drop in Pr. Frict. Loss Flowrate   Velocity
 Label        Node         Node     (milli.m.) (kg/cm2 G)  (kg/cm2 G)  (kg/cm2  )  (kg/cm2  )  (lit/min )  (m/sec   )
 -----------------------------------------------------------------------------------------------------------------------
    10           10          125         65.00   5.015       2.612       2.403       2.403       2286.       10.19      E
    11          123          125         65.00   2.446       2.612     -0.1652      0.1652      -2286.      -10.19       
    12          123          124         80.00   2.446       2.301      0.1449      0.1449       2286.       7.394       
    13          120          124        125.00   2.256       2.301     -4.5454E-02  4.5454E-02  -2286.      -2.866       
    14          120          121         80.00   2.256       2.158      9.8397E-02  9.8397E-02   2286.       7.394       
    15          107          121        125.00   2.147       2.158     -1.0921E-02  1.0921E-02  -1244.      -1.560       
    16          121          122         80.00   2.158       2.074      8.3622E-02  8.3622E-02   1042.       3.371       
    17          107          108         80.00   2.147       2.118      2.8302E-02  2.8302E-02   1244.       4.023       
    18           69          108         65.00   1.596       2.118     -0.5223      0.5223      -1244.      -5.545       
    19           68           69         65.00   1.248       1.596     -0.3480      0.3480      -1244.      -5.545       
    20           41           68         65.00  0.9978       1.248     -0.2504      0.2504      -1074.      -4.787       
    21           68           70         40.00   1.248       1.235      1.2695E-02  1.2695E-02   86.18       1.032       
    22           68           73         32.00   1.248       1.226      2.1654E-02  2.1654E-02   83.71       1.356       
    23           37           41         65.00  0.9610      0.9978     -3.6807E-02  3.6807E-02  -286.2      -1.276       
    24           41           42         65.00  0.9978      0.9469      5.0853E-02  5.0853E-02   603.5       2.690       
    25           41           54         65.00  0.9978      0.9916      6.1743E-03  6.1743E-03   184.4      0.8218       
    26           37           61         50.00  0.9610      0.9424      1.8574E-02  1.8574E-02   148.2       1.111       
    27           37           38         50.00  0.9610      0.9507      1.0309E-02  1.0309E-02   138.0       1.035       
    28           60           61         40.00  0.9142      0.9424     -2.8139E-02  2.8139E-02  -148.2      -1.774       
    29           60           67         40.00  0.9142      0.9007      1.3547E-02  1.3547E-02   73.82      0.8838       
    30           59           60         40.00  0.8633      0.9142     -5.0960E-02  5.0960E-02  -74.33     -0.8899      E
    31           66           67         40.00  0.8515      0.9007     -4.9196E-02  4.9196E-02  -73.82     -0.8838      E
    32           26           38         50.00  0.9377      0.9507     -1.2955E-02  1.2955E-02  -138.0      -1.035       
    33           22           26         25.00  0.9257      0.9377     -1.1992E-02  1.1992E-02  -63.28      -1.776       
    34           26           30         25.00  0.9377      0.8912      4.6499E-02  4.6499E-02   74.75       2.097       
    35           21           22         25.00  0.6257      0.9257     -0.3000      0.3000      -63.28      -1.776      E
    36           30           31         50.00  0.8912      0.8730      1.8212E-02  1.8212E-02   74.75      0.5604      E
    37           42           47         65.00  0.9469      0.9200      2.6900E-02  2.6900E-02   403.6       1.799       
    38           34           42         65.00  0.9430      0.9469     -3.9259E-03  3.9259E-03  -199.9     -0.8911       
    39           45           47         65.00  0.9154      0.9200     -4.6601E-03  4.6601E-03  -76.54     -0.3411      E
    40           47           56         65.00  0.9200      0.8971      2.2893E-02  2.2893E-02   327.0       1.458       
    41           55           56         65.00  0.8900      0.8971     -7.1125E-03  7.1125E-03  -264.8      -1.180       
    42           15           56         65.00  0.8965      0.8971     -6.6793E-04  6.6793E-04  -62.23     -0.2774       
    43           40           55         50.00  0.8532      0.8900     -3.6827E-02  3.6827E-02  -264.8      -1.985       
    44           39           40         50.00  0.8523      0.8532     -9.1261E-04  9.1261E-04  -118.1     -0.8856       
    45           40           43         50.00  0.8532      0.8498      3.3956E-03  3.3956E-03   73.04      0.5476       
    46           40           48         65.00  0.8532      0.8520      1.1675E-03  1.1675E-03   73.66      0.3283       
    47           19           39         50.00  0.8392      0.8523     -1.3073E-02  1.3073E-02  -118.1     -0.8856       
    48           19           20         25.00  0.8392      0.8104      2.8838E-02  2.8838E-02   58.53       1.643       
    49           11           19         25.00  0.5546      0.8392     -0.2846      0.2846      -59.58      -1.672      E
    50           16           20         25.00  0.5354      0.8104     -0.2750      0.2750      -58.53      -1.643      E
1

 TITLE : 1._201__layer                                                    DATE : 29-Jun-2026           PAGE   16 OF   26
 -----------------------------------------------------------------------------------------------------------------------



 FLOW IN PIPES
 -------------

 Pipe         Input        Output    Nom.Bore  Inlet Pr.   Outlet Pr.  Drop in Pr. Frict. Loss Flowrate   Velocity
 Label        Node         Node     (milli.m.) (kg/cm2 G)  (kg/cm2 G)  (kg/cm2  )  (kg/cm2  )  (lit/min )  (m/sec   )
 -----------------------------------------------------------------------------------------------------------------------
    51           52           54         65.00  0.9915      0.9916     -1.0711E-04  1.0711E-04  -184.4     -0.8218       
    52           51           52         65.00  0.9814      0.9915     -1.0110E-02  1.0110E-02  -184.4     -0.8218       
    53           17           51         25.00  0.9253      0.9814     -5.6084E-02  5.6084E-02  -63.16      -1.772       
    54           50           51         25.00  0.8823      0.9814     -9.9035E-02  9.9035E-02  -121.2      -3.402       
    55           14           17         25.00  0.6233      0.9253     -0.3020      0.3020      -63.16      -1.772      E
    56           33           43         50.00  0.8486      0.8498     -1.1370E-03  1.1370E-03  -73.04     -0.5476       
    57           32           33         50.00  0.8335      0.8486     -1.5143E-02  1.5143E-02  -73.04     -0.5476      E
    58           29           50         25.00  0.8641      0.8823     -1.8202E-02  1.8202E-02  -60.44      -1.696       
    59           36           50         25.00  0.8567      0.8823     -2.5676E-02  2.5676E-02  -60.79      -1.706       
    60           23           29         25.00  0.8358      0.8641     -2.8297E-02  2.8297E-02  -60.44      -1.696       
    61           23           24         25.00  0.8358      0.5707      0.2651      0.2651       60.44       1.696      E
    62           12           15         25.00  0.6051      0.8965     -0.2913      0.2913      -62.23      -1.746      E
    63           36           49         25.00  0.8567      0.8456      1.1074E-02  1.1074E-02   60.79       1.706       
    64           46           49         25.00  0.5774      0.8456     -0.2682      0.2682      -60.79      -1.706      E
    65           44           48         65.00  0.8477      0.8520     -4.3389E-03  4.3389E-03  -73.66     -0.3283      E
    66           34           35         32.00  0.9430      0.9203      2.2704E-02  2.2704E-02   199.9       3.238       
    67           18           35         25.00  0.8801      0.9203     -4.0213E-02  4.0213E-02  -61.60      -1.729       
    68           35           53         65.00  0.9203      0.9189      1.3562E-03  1.3562E-03   76.48      0.3409       
    69           25           35         25.00  0.9048      0.9203     -1.5495E-02  1.5495E-02  -61.85      -1.735       
    70           13           18         25.00  0.5929      0.8801     -0.2872      0.2872      -61.60      -1.729      E
    71           53           58         65.00  0.9189      0.9186      3.4672E-04  3.4672E-04   76.48      0.3409       
    72           57           58         65.00  0.9139      0.9186     -4.6499E-03  4.6499E-03  -76.48     -0.3409      E
    73           25           27         25.00  0.9048      0.8746      3.0189E-02  3.0189E-02   61.85       1.735       
    74           27           28         25.00  0.8746      0.5977      0.2769      0.2769       61.85       1.735      E
    75          119          122         80.00   2.031       2.074     -4.2639E-02  4.2639E-02  -1042.      -3.371       
    76          118          119         65.00   1.884       2.031     -0.1477      0.1477      -1042.      -4.645       
    77          113          118        125.00   1.883       1.884     -1.0911E-03  1.0911E-03  -958.8      -1.202       
    78          116          118         40.00   1.877       1.884     -7.0106E-03  7.0106E-03  -83.38     -0.9983       
    79          112          113         65.00   1.783       1.883     -9.9626E-02  9.9626E-02  -958.8      -4.273       
    80          104          112         65.00   1.685       1.783     -9.8092E-02  9.8092E-02  -958.8      -4.273       
    81          104          106         65.00   1.685       1.599      8.6059E-02  8.6059E-02   958.8       4.273       
    82           77          106         50.00   1.416       1.599     -0.1833      0.1833      -354.6      -2.659       
    83          105          106         65.00   1.598       1.599     -4.2319E-04  4.2319E-04  -162.9     -0.7259       
    84          103          106         65.00   1.592       1.599     -6.8933E-03  6.8933E-03  -441.3      -1.967       
    85           76           77         40.00   1.381       1.416     -3.4895E-02  3.4895E-02  -181.8      -2.176       
    86           77           79         50.00   1.416       1.412      3.6303E-03  3.6303E-03   78.49      0.5885       
    87           74           77         50.00   1.391       1.416     -2.5054E-02  2.5054E-02  -94.34     -0.7073      E
    88           76           78         40.00   1.381       1.379      1.1930E-03  1.1930E-03   181.8       2.176       
    89           78           81         40.00   1.379       1.360      1.9864E-02  1.9864E-02   90.77       1.087       
    90           78           82         40.00   1.379       1.294      8.5284E-02  8.5284E-02   91.01       1.090      E
    91           81           83         40.00   1.360       1.287      7.2145E-02  7.2145E-02   90.77       1.087      E
1

 TITLE : 1._201__layer                                                    DATE : 29-Jun-2026           PAGE   17 OF   26
 -----------------------------------------------------------------------------------------------------------------------



 FLOW IN PIPES
 -------------

 Pipe         Input        Output    Nom.Bore  Inlet Pr.   Outlet Pr.  Drop in Pr. Frict. Loss Flowrate   Velocity
 Label        Node         Node     (milli.m.) (kg/cm2 G)  (kg/cm2 G)  (kg/cm2  )  (kg/cm2  )  (lit/min )  (m/sec   )
 -----------------------------------------------------------------------------------------------------------------------
    92           79           80         50.00   1.412       1.410      1.9017E-03  1.9017E-03   78.49      0.5885       
    93           75           80         25.00  0.9627       1.410     -0.4474      0.4474      -78.49      -2.203      E
    94          101          103         65.00   1.561       1.592     -3.0591E-02  3.0591E-02  -441.3      -1.967       
    95           95          101         65.00   1.549       1.561     -1.2481E-02  1.2481E-02  -358.7      -1.599       
    96          101          102         65.00   1.561       1.559      2.3913E-03  2.3913E-03   82.62      0.3683       
    97           95           96         65.00   1.549       1.546      2.3913E-03  2.3913E-03   358.7       1.599       
    98           91           96         50.00   1.545       1.546     -1.6212E-03  1.6212E-03  -161.0      -1.207       
    99           90           96         50.00   1.546       1.546     -7.7498E-04  7.7498E-04  -98.55     -0.7389       
   100           96           98         65.00   1.546       1.544      2.0292E-03  2.0292E-03   99.18      0.4421       
   101           91           92         50.00   1.545       1.534      1.0457E-02  1.0457E-02   161.0       1.207       
   102           89           92         25.00   1.526       1.534     -8.1679E-03  8.1679E-03  -80.98      -2.272       
   103           92           93         25.00   1.534       1.446      8.8506E-02  8.8506E-02   79.99       2.244       
   104           88           89         25.00   1.025       1.526     -0.5017      0.5017      -80.98      -2.272      E
   105           85          116         25.00   1.610       1.877     -0.2668      0.2668      -83.38      -2.340       
   106           84           85         80.00   1.609       1.610     -4.2319E-04  4.2319E-04  -83.38     -0.2697       
   107           72           84         50.00   1.606       1.609     -3.4823E-03  3.4823E-03  -83.38     -0.6252       
   108           71           72         40.00   1.588       1.606     -1.7947E-02  1.7947E-02  -83.38     -0.9983       
   109           64           71         25.00   1.086       1.588     -0.5017      0.5017      -83.38      -2.340      E
   110           93           94         25.00   1.446      0.9997      0.4462      0.4462       79.99       2.244      E
   111           62           70         40.00   1.225       1.235     -1.0651E-02  1.0651E-02  -86.18      -1.032       
   112           62           63         40.00   1.225       1.160      6.4324E-02  6.4324E-02   86.18       1.032      E
   113           65           73         32.00   1.095       1.226     -0.1316      0.1316      -83.71      -1.356      E
   114          105          111         65.00   1.598       1.595      3.6353E-03  3.6353E-03   162.9      0.7259       
   115          109          111         25.00   1.506       1.595     -8.9026E-02  8.9026E-02  -81.04      -2.274       
   116          110          111         25.00   1.560       1.595     -3.4497E-02  3.4497E-02  -81.82      -2.296       
   117          109          117         25.00   1.506       1.026      0.4796      0.4796       81.04       2.274      E
   118           86           90         50.00   1.544       1.546     -1.9782E-03  1.9782E-03  -98.55     -0.7389       
   119           86           87         50.00   1.544       1.517      2.6370E-02  2.6370E-02   98.55      0.7389      E
   120          110          114         25.00   1.560       1.511      4.9609E-02  4.9609E-02   81.82       2.296       
   121          114          115         25.00   1.511       1.046      0.4648      0.4648       81.82       2.296      E
   122          100          102         25.00   1.540       1.559     -1.8798E-02  1.8798E-02  -82.62      -2.318       
   123           99          100         25.00   1.067       1.540     -0.4736      0.4736      -82.62      -2.318      E
   124           97           98         65.00   1.537       1.544     -7.5408E-03  7.5408E-03  -99.18     -0.4421      E
 M1/0         M1/0         M2/0         150.00   0.000     -3.7255E-02  3.7255E-02  3.7255E-02   2286.       2.006       
 M2/0         M2/0         M3/0         150.00 -3.7255E-02 -3.8188E-02  9.3304E-04  9.3304E-04   2286.       2.006       
 M3/0         M3/0         M4/0         150.00 -3.8188E-02 -4.4760E-02  6.5721E-03  6.5721E-03   2286.       2.006       
 M4/0         M4/0         M5/0         150.00 -4.4760E-02 -4.6999E-02  2.2383E-03  2.2383E-03   2286.       2.006       
 M5/0         M5/0         M6/0         150.00 -4.6999E-02 -5.1878E-02  4.8793E-03  4.8793E-03   2286.       2.006       
 M6/0         M6/0         M7/0         150.00 -5.1878E-02 -6.4334E-02  1.2456E-02  1.2456E-02   2286.       2.006       
 M7/0         M7/0         M8/0         150.00 -6.4334E-02 -6.6623E-02  2.2893E-03  2.2893E-03   2286.       2.006       
 M8/0         M8/0         M9/0         150.00 -6.6623E-02 -7.6066E-02  9.4426E-03  9.4426E-03   2286.       2.006       
1

 TITLE : 1._201__layer                                                    DATE : 29-Jun-2026           PAGE   18 OF   26
 -----------------------------------------------------------------------------------------------------------------------



 FLOW IN PIPES
 -------------

 Pipe         Input        Output    Nom.Bore  Inlet Pr.   Outlet Pr.  Drop in Pr. Frict. Loss Flowrate   Velocity
 Label        Node         Node     (milli.m.) (kg/cm2 G)  (kg/cm2 G)  (kg/cm2  )  (kg/cm2  )  (lit/min )  (m/sec   )
 -----------------------------------------------------------------------------------------------------------------------
 M9/0         M9/0         M10/0        150.00 -7.6066E-02 -7.9324E-02  3.2580E-03  3.2580E-03   2286.       2.006       
 M10/0        M10/0        M11/0        150.00 -7.9324E-02 -9.1769E-02  1.2446E-02  1.2446E-02   2286.       2.006       
 M11/0        M11/0        M12/0        150.00 -9.1769E-02 -0.1056      1.3822E-02  1.3822E-02   2286.       2.006       
 M12/0        M12/0        M13/0        150.00 -0.1056     -0.1155      9.9218E-03  9.9218E-03   2286.       2.006       
 M13/0        M13/0        M14/0        150.00 -0.1155     -0.1216      6.0673E-03  6.0673E-03   2286.       2.006       
 M14/0        M14/0        M15/0        150.00 -0.1216     -0.1396      1.8064E-02  1.8064E-02   2286.       2.006       
 M15/0        M15/0        M16/0        150.00 -0.1396     -0.1438      4.1961E-03  4.1961E-03   2286.       2.006       
 M16/0        M16/0        M17/0        150.00 -0.1438     -0.1465      2.6462E-03  2.6462E-03   2286.       2.006       
 M17/0        M17/0            1        150.00 -0.1465     -0.1480      1.5092E-03  1.5092E-03   2286.       2.006       
 R1/0             1        N2/0         150.00 -0.1480     -0.1485      4.5887E-04  4.5887E-04   2286.       2.006       
 R2/0         N2/0         N3/0         150.00 -0.1485     -0.1297     -1.8768E-02  5.9717E-04   2286.       2.006       
 R3/0         N3/0         N4/0         150.00 -0.1297     -0.1324      2.7481E-03  2.7481E-03   2286.       2.006       
 R4/0         N4/0            10        150.00 -0.1324       5.015      -5.147      0.1623       2286.       2.006       

     NOTE: An E indicates a Pipe containing a Special Equipment
1

 TITLE : 1._201__layer                                                    DATE : 29-Jun-2026           PAGE   19 OF   26
 -----------------------------------------------------------------------------------------------------------------------



 FLOW THROUGH NOZZLES
 --------------------

  Nozzle       Input          Inlet Press     Req. Flow     Flowrate    % Deviation    Req. FlowDens   FlowDens
  Label        Label          (kg/cm2 G)     (lit/min )    (lit/min )                  ( lit/min /metres  **2 )
 --------------------------------------------------------------------------------------------------------------
     1            66          0.85150E+00        79.9998      73.8216        -7.72
     2            59          0.86329E+00        79.9998      74.3306        -7.09
     3            21          0.62573E+00        79.9998      63.2827       -20.90
     4            31          0.87298E+00        79.9998      74.7469        -6.57
     5            16          0.53536E+00        79.9998      58.5345       -26.83
     6            11          0.55464E+00        79.9998      59.5793       -25.53
     7            14          0.62331E+00        79.9998      63.1597       -21.05
     8            32          0.83351E+00        79.9998      73.0373        -8.70
     9            24          0.57070E+00        79.9998      60.4361       -24.45
    10            12          0.60514E+00        79.9998      62.2323       -22.21
    11            46          0.57736E+00        79.9998      60.7875       -24.02
    12            44          0.84767E+00        79.9998      73.6554        -7.93
    13            13          0.59292E+00        79.9998      61.6009       -23.00
    14            57          0.91393E+00        79.9998      76.4798        -4.40
    15            28          0.59767E+00        79.9998      61.8471       -22.69
    16            83          0.12875E+01        79.9998      90.7734        13.47
    17            82          0.12942E+01        79.9998      91.0101        13.76
    18            75          0.96267E+00        79.9998      78.4928        -1.88
    19            45          0.91535E+00        79.9998      76.5393        -4.33
    20            88          0.10245E+01        79.9998      80.9757         1.22
    21            64          0.10863E+01        79.9998      83.3824         4.23
    22            94          0.99969E+00        79.9998      79.9878        -0.02
    23            63          0.11605E+01        79.9998      86.1802         7.73
    24            65          0.10948E+01        79.9998      83.7081         4.64
    25            74          0.13905E+01        79.9998      94.3360        17.92
    26           117          0.10262E+01        79.9998      81.0399         1.30
    27            87          0.15174E+01        79.9998      98.5452        23.18
    28           115          0.10459E+01        79.9998      81.8154         2.27
    29            99          0.10666E+01        79.9998      82.6214         3.28
    30            97          0.15369E+01        79.9998      99.1781        23.97

 Note: A * after a value indicates that this is a specification
1

 TITLE : 1._201__layer                                                    DATE : 29-Jun-2026           PAGE   20 OF   26
 -----------------------------------------------------------------------------------------------------------------------




 FLOW AT INLETS
 --------------

 Inlet Node    Pressure      Flowrate        Equivalent K-factor
              (kg/cm2 G)    (lit/min )       (lit/min  , kg/cm2 G)
 ------------------------------------------------------------
 M1/0           0.000     *   2286.          0.0000    

 Note: A * after a value indicates that this is a specification
1

 TITLE : 1._201__layer                                                    DATE : 29-Jun-2026           PAGE   21 OF   26
 -----------------------------------------------------------------------------------------------------------------------

 Materials Take-off
 ------------------
 Pipe lengths
 ------------


    KSD 3507


 Nom. Size  Tot. Length  Nom. Size  Tot. Length  Nom. Size  Tot. Length  Nom. Size  Tot. Length  Nom. Size  Tot. Length 
 (milli.m.) (metres  )   (milli.m.) (metres  )   (milli.m.) (metres  )   (milli.m.) (metres  )   (milli.m.) (metres  )  
 ----------------------------------------------------------------------------------------------------------------------
    25.000   33.28    
    32.000   1.961    
    40.000   12.35    
    50.000   26.19    
    65.000   58.20    
    80.000   7.842    
   125.000   11.63    
   150.000   92.27    
1

 TITLE : 1._201__layer                                                    DATE : 29-Jun-2026           PAGE   22 OF   26
 -----------------------------------------------------------------------------------------------------------------------

 Materials Take-off
 ------------------
 Nozzles
 -------

 Type                                K-Factor          Number
 ----                                --------          ------
 SP-HEAD                              80.0000             30
1

 TITLE : 1._201__layer                                                    DATE : 29-Jun-2026           PAGE   23 OF   26
 -----------------------------------------------------------------------------------------------------------------------

 Materials Take Off
 ------------------
 Fittings
 --------

    Fitting
    Nominal
     Size                         Fitting Type
   (milli.m.)      1      2      3      4      5      6      7      8      9
   -------------------------------------------------------------------------

    25.000         9      8      0      4      0      0      0      0      0
    32.000         0      0      0      1      0      0      0      0      0
    40.000         1      4      0      5      0      0      0      0      0
    50.000         0      1      0      8      0      0      0      0      0
    65.000         1      1      0     14      0      0      0      0      1
    80.000         0      1      0      1      0      0      0      0      0
   150.000         0      0      0      0      1      1      0      0      0


  Fitting Types are :
  1 -- 45 Deg Elbow               4 -- Tee or Cross               7 -- Non-Return Valve
  2 --  90 Deg Standard Elbow     5 -- Gate Valve                 8 -- Ball Valve               
  3 -- 90 Deg Long Radius Elbow   6 -- Swing Check Valve          9 -- Butterfly Valve          


  All fittings are as specified by user - no additional fittings have been generated automatically.


 Other Equipment
 ---------------
 Type                                Number
 ----                                ------
 Special Equipment                      31

 The supply demand graph is not available for the network without pump 
1

 TITLE : 1._201__layer                                                    DATE : 29-Jun-2026           PAGE   24 OF   26
 -----------------------------------------------------------------------------------------------------------------------
                                                                                                    
                                                                                                    
                                                                                                    
                                                                                                    
 IMPORTANT NOTICE                                                                                   
 ----------------                                                                                   
                                                                                                    
 Your attention is drawn to the need to maintain adequate standards.   SUNRISE  SYSTEMS  Ltd        
 has itself  taken  steps  to  ensure that this program produces valid results when properly        
 used.  Users are reminded of their responsibilities in the application of  program  results        
 and, in  particular,  you  should  ensure  that pertinent output documents are examined and        
 approved by qualified staff prior to use.                                                          
                                                                                                    
1

 TITLE : 1._201__layer                                                    DATE : 29-Jun-2026           PAGE   25 OF   26
 -----------------------------------------------------------------------------------------------------------------------


 COMMENTS
 --------

 Analysis Converged in    5 Iterations
1

 TITLE : 1._201__layer                                                    DATE : 29-Jun-2026           PAGE   26 OF   26
 -----------------------------------------------------------------------------------------------------------------------


 WARNINGS
 --------
 *** WARNING - Velocity in pipe    10        exceeds specified maximum
 *** WARNING - Velocity in pipe    11        exceeds specified maximum

 *** WARNING - Nozzle     1        below minimum operating pressure
 *** WARNING - Nozzle     2        below minimum operating pressure
 *** WARNING - Nozzle     3        below minimum operating pressure
 *** WARNING - Nozzle     4        below minimum operating pressure
 *** WARNING - Nozzle     5        below minimum operating pressure
 *** WARNING - Nozzle     6        below minimum operating pressure
 *** WARNING - Nozzle     7        below minimum operating pressure
 *** WARNING - Nozzle     8        below minimum operating pressure
 *** WARNING - Nozzle     9        below minimum operating pressure
 *** WARNING - Nozzle    10        below minimum operating pressure
 *** WARNING - Nozzle    11        below minimum operating pressure
 *** WARNING - Nozzle    12        below minimum operating pressure
 *** WARNING - Nozzle    13        below minimum operating pressure
 *** WARNING - Nozzle    14        below minimum operating pressure
 *** WARNING - Nozzle    15        below minimum operating pressure
 *** WARNING - Nozzle    18        below minimum operating pressure
 *** WARNING - Nozzle    19        below minimum operating pressure
 *** WARNING - Nozzle    22        below minimum operating pressure

1
 ========================================================================================================================

                                  1._201__layer                                               
                                                                                              
                                                                                              
                                                                                              


 ========================================================================================================================
