 55





 ========================================================================================================================


                                              PIPENET SPRAY/SPRINKLER MODULE



 ========================================================================================================================


                                                    VERSION 1.8       

 ========================================================================================================================

                   Results for :  Officetell                                                  
                                  WATER TANK_PH2F                                             
                                  3-2 type_MSP_26F                                            
                                                                                              


                   Licence Owner from key:             

                             Licence Type: UNKNOWN     

                               Key number: Unavailable 

                                 MUS Date: Unavailable 

 ========================================================================================================================




                                                    16:54 on 29-Jun-2026
1


                     LIST OF CONTENTS
                     ================


                                                                  Page
                                                                  ----

      Control Information.........................................   1

      Fluid System................................................   1

      Design Information..........................................   2

      Pipe Configuration..........................................   5

      Nozzle Configuration........................................  10

      Special Equipment...........................................  11

      Designed Diameters & Flowrates..............................  12

      Flow in Pipes...............................................  15

      Flow through Nozzles........................................  18

      Flow at Inlets..............................................  19

      Materials Take Off..........................................  20

      Important Notice............................................  23

      Comments....................................................  24

1

 TITLE : Officetell                                                       DATE : 29-Jun-2026           PAGE    1 OF   24
 -----------------------------------------------------------------------------------------------------------------------

 CONTROL INFORMATION
 -------------------  
    Convergence accuracy      = 1.00E-03
    Maximum no. of iterations =   500
    Elevation Check Tolerance =     0.50 metres  
    Warnings Control Option   =     0
    ****** Diagnostic level   =     2


 FLUID SYSTEM
 ------------

    Fluid Class          =  1 (Liquid              )
    Density              =   998.2     kg/cu.m 
    Viscosity            =  1.0000E-09 Pa.s    
1

 TITLE : Officetell                                                       DATE : 29-Jun-2026           PAGE    2 OF   24
 -----------------------------------------------------------------------------------------------------------------------


 DESIGN INFORMATION
 ------------------


 Waterspray System



  Pipe Materials are :
  Pipe Type                          Lining Type     Thickness(milli.m.)

    9    -- KSD 3507                     Not Lined                                      
   14    -- FX                           Not Lined                                      
   13    -- CPVC                         Not Lined                                      
   12    -- DP                           Not Lined                                      

 Design to NFPA Rules
 Using the Hazen-Williams Equation

 Velocity Pressure Model: Ignore velocity pressure

 Pressure loss at entrance: Ignore

 Pressure loss at exit: Ignore
1

 TITLE : Officetell                                                       DATE : 29-Jun-2026           PAGE    3 OF   24
 -----------------------------------------------------------------------------------------------------------------------


    AVAILABLE PIPE SIZES AND MAXIMUM VELOCITIES USED FOR PIPE SIZING
    ----------------------------------------------------------------

          KSD 3507                                FX                                      CPVC                          
           Not lined                               Not lined                               Not lined                    

     Nom.Bore    Act.Diam    Max.Vel.        Nom.Bore    Act.Diam    Max.Vel.        Nom.Bore    Act.Diam    Max.Vel.   
    (milli.m.)  (milli.m.)  (m/sec   )      (milli.m.)  (milli.m.)  (m/sec   )      (milli.m.)  (milli.m.)  (m/sec   )  
 -----------------------------------------------------------------------------------------------------------------------

       15.0000     16.4000      6.0000         15.0000  Not acceptable                 15.0000  Not acceptable          
       20.0000     21.9000      6.0000         20.0000     21.6000     10.0000         20.0000  Not acceptable          
       25.0000     27.5000      6.0000         25.0000  Not acceptable                 25.0000     27.9000      6.0000  
       32.0000     36.2000      6.0000         32.0000  Not acceptable                 32.0000     35.4000      6.0000  
       40.0000     42.1000      6.0000         40.0000  Not acceptable                 40.0000     40.5000      6.0000  
       50.0000     53.2000      6.0000         50.0000  Not acceptable                 50.0000     50.8000      6.0000  
       65.0000     69.0000     10.0000         65.0000  Not acceptable                 65.0000     61.4000     10.0000  
       80.0000     81.0000     10.0000         80.0000  Not acceptable                 80.0000     74.8000     10.0000  
       90.0000     93.5000     10.0000         90.0000  Not acceptable                 90.0000  Not acceptable          
      100.0000    105.3000     10.0000        100.0000  Not acceptable                100.0000  Not acceptable          
      125.0000    130.1000     10.0000        125.0000  Not acceptable                125.0000  Not acceptable          
      150.0000    155.5000     10.0000        150.0000  Not acceptable                150.0000  Not acceptable          
      200.0000    204.6000     10.0000        200.0000  Not acceptable                200.0000  Not acceptable          
      250.0000    254.6000     10.0000        250.0000  Not acceptable                250.0000  Not acceptable          
      300.0000    304.5000     10.0000        300.0000  Not acceptable                300.0000  Not acceptable          
1

 TITLE : Officetell                                                       DATE : 29-Jun-2026           PAGE    4 OF   24
 -----------------------------------------------------------------------------------------------------------------------


    AVAILABLE PIPE SIZES AND MAXIMUM VELOCITIES USED FOR PIPE SIZING
    ----------------------------------------------------------------

          DP                                                                                                            
           Not lined                                                                                                    

     Nom.Bore    Act.Diam    Max.Vel.        Nom.Bore    Act.Diam    Max.Vel.        Nom.Bore    Act.Diam    Max.Vel.   
    (milli.m.)  (milli.m.)  (m/sec   )      (milli.m.)  (milli.m.)  (m/sec   )      (milli.m.)  (milli.m.)  (m/sec   )  
 -----------------------------------------------------------------------------------------------------------------------

       25.0000     25.0000     10.0000                                                                                  
1

 TITLE : Officetell                                                       DATE : 29-Jun-2026           PAGE    5 OF   24
 -----------------------------------------------------------------------------------------------------------------------


 PIPE CONFIGURATION
 ------------------

 Pipe Label   Input Node   Output Node    Nom.Bore       Length      Elevation       C      Fitt.eq.lnth  
                                          (milli.m.)    (metres  )    (metres  )    Factor    (metres  ) 
 ---------------------------------------------------------------------------------------------------------
     1            1          101          150.0          20.00      -0.7000        120.0        28.35      
     2            2          100          150.0          66.70       -66.70        120.0        9.144      
     5           26           21          65.00          3.970        0.000        150.0        2.763      
     6          101            2          150.0          7.600       -7.600        120.0        0.000      
     7           98           60          20.00         0.7000      -1.0000E-01    120.0        0.000      
     8          100           10          125.0         1.0000        0.000        120.0        3.658      
     9           10           11          125.0          2.800        2.800        120.0        10.36      
    10           11           23          125.0          1.040        0.000        120.0        7.620      
    11           12           13          125.0          2.040        0.000        120.0        3.658      
    12           13           14          125.0          2.680        0.000        120.0        0.000      
    13           14           15          125.0         0.6500        0.000        120.0        0.000      
    14           15           18          125.0          5.000        0.000        120.0        7.315      
    15           16           19          125.0         0.4000        0.000        120.0        7.620      
    16           20           17          80.00          8.740        0.000        120.0        8.839      
    17           18           16          125.0         0.3600        0.000        120.0        0.000      
    18           19           20          125.0          1.080        0.000        120.0        0.000      
    19           17           91          65.00          1.090        0.000        120.0        0.000      
    20            6           51          40.00          2.480        0.000        150.0        5.527      
    21           23           12          125.0          1.590        0.000        120.0        0.000      
    22           27           57          25.00         0.4200        0.000        120.0        0.000      
    23          104           76          20.00         0.7000      -1.0000E-01    120.0        0.000      
    24            6           92          25.00         0.4900        0.000        150.0        0.000      
    25           19           80          80.00         0.6200        0.000        120.0        4.572      
    26           36            9          32.00         0.4600        0.000        150.0        1.382      
    27           17           22          50.00          2.290        0.000        120.0        1.524      
    28           21           30          65.00         0.7900        0.000        150.0        0.000      
    29           30           86          65.00          1.240        0.000        150.0        5.527      
    30           86           33          65.00         0.5800        0.000        150.0        8.290      
    31           22           28          50.00          2.040        0.000        150.0        6.909      
    32           33           35          65.00         0.7300        0.000        150.0        5.527      
    33           28           32          40.00          1.040        0.000        150.0        3.685      
    34           35           36          65.00          2.440        0.000        150.0        5.527      
    35           36           37          65.00         0.3900        0.000        150.0        5.527      
    36           37           38          65.00          1.570        0.000        150.0        5.527      
    37           38           39          50.00          1.550        0.000        150.0        4.606      
    38           39           40          40.00          1.560        0.000        150.0        5.527      
    39           40           41          40.00         0.9500        0.000        150.0        5.527      
    40           39           42          32.00         0.8200        0.000        150.0        2.763      
    41           42           43          25.00         0.9600        0.000        150.0        0.000      
    42           37           44          32.00          1.900        0.000        150.0        2.763      
    43           44           31          25.00         0.3200        0.000        150.0       0.9211      
    44           32           34          32.00          1.370        0.000        150.0        2.763      
    45           34           47          25.00          1.700        0.000        150.0       0.9211      
1

 TITLE : Officetell                                                       DATE : 29-Jun-2026           PAGE    6 OF   24
 -----------------------------------------------------------------------------------------------------------------------


 PIPE CONFIGURATION
 ------------------

 Pipe Label   Input Node   Output Node    Nom.Bore       Length      Elevation       C      Fitt.eq.lnth  
                                          (milli.m.)    (metres  )    (metres  )    Factor    (metres  ) 
 ---------------------------------------------------------------------------------------------------------
    46           35           48          25.00          2.760        0.000        150.0       0.9211      
    47           33           49          32.00          1.700        0.000        150.0        5.527      
    48           49           50          25.00          1.410        0.000        150.0       0.9211      
    49           86            6          50.00         0.9900        0.000        150.0        4.606      
    50           51           52          32.00         0.7100        0.000        150.0        2.763      
    51           52           53          25.00          1.890        0.000        150.0       0.9211      
    52           41           54          20.00         0.7000      -1.0000E-01    120.0        0.000      
    53           40           55          20.00         0.7000      -1.0000E-01    120.0        0.000      
    54           42           56          20.00         0.7000      -1.0000E-01    120.0        0.000      
    55           43           27          20.00         0.7000      -1.0000E-01    120.0        0.000      
    56           38           58          20.00         0.7000      -1.0000E-01    120.0        0.000      
    57           45           59          25.00         0.4200        0.000        120.0        0.000      
    58           44           98          25.00         0.6500        0.000        150.0        0.000      
    59            9           29          32.00          1.020        0.000        150.0        2.763      
    60           47           62          20.00         0.7000      -1.0000E-01    120.0        0.000      
    61           34           63          20.00         0.7000      -1.0000E-01    120.0        0.000      
    62           48           64          20.00         0.7000      -1.0000E-01    120.0        0.000      
    63           28           46          20.00         0.7000      -1.0000E-01    120.0        0.000      
    64           49           66          20.00         0.7000      -1.0000E-01    120.0        0.000      
    65           50           67          20.00         0.7000      -1.0000E-01    120.0        0.000      
    66           51           68          20.00         0.7000      -1.0000E-01    120.0        0.000      
    67           52           69          20.00         0.7000      -1.0000E-01    120.0        0.000      
    68           53           70          20.00         0.7000      -1.0000E-01    120.0        0.000      
    69           92           71          20.00         0.7000      -1.0000E-01    120.0        0.000      
    70           32           72          20.00         0.7000      -1.0000E-01    120.0        0.000      
    71           80           82          65.00         0.6200        0.000        120.0        0.000      
    72           31           45          20.00         0.7000      -1.0000E-01    120.0        0.000      
    73           76           79          25.00         0.4200        0.000        120.0        0.000      
    74           82          107          65.00          11.03        0.000        150.0        13.82      
    75          107          108          65.00          1.330        0.000        150.0        5.527      
    77           80           84          50.00          1.820        0.000        120.0        1.524      
    79          108          110          65.00          1.570        0.000        150.0        5.527      
    80          110          109          50.00          1.550        0.000        150.0        4.606      
    81           91           26          65.00          1.960        0.000        150.0        2.763      
    82           29           93          25.00          1.390        0.000        150.0        0.000      
    83           29           95          20.00         0.7000      -1.0000E-01    120.0        0.000      
    84          106           77          25.00         0.3200        0.000        150.0       0.9211      
    85           93           96          20.00         0.7000      -1.0000E-01    120.0        0.000      
    86          107           61          32.00         0.3900        0.000        150.0       0.4606      
    87          109          103          32.00         0.8200        0.000        150.0        2.763      
    88          103          104          25.00         0.9600        0.000        150.0        0.000      
    89          109           97          40.00          1.560        0.000        150.0        5.527      
    90           77          111          20.00         0.7000      -1.0000E-01    120.0        0.000      
1

 TITLE : Officetell                                                       DATE : 29-Jun-2026           PAGE    7 OF   24
 -----------------------------------------------------------------------------------------------------------------------


 PIPE CONFIGURATION
 ------------------

 Pipe Label   Input Node   Output Node    Nom.Bore       Length      Elevation       C      Fitt.eq.lnth  
                                          (milli.m.)    (metres  )    (metres  )    Factor    (metres  ) 
 ---------------------------------------------------------------------------------------------------------
    91           61           65          32.00          1.020        0.000        150.0        2.763      
    92           97          105          40.00         0.9500        0.000        150.0        5.527      
    93          112           94          25.00          1.700        0.000        150.0       0.9211      
    94           84           85          50.00          2.040        0.000        150.0        2.303      
    95          108          106          32.00          1.900        0.000        150.0        2.763      
    96           85           88          40.00          1.040        0.000        150.0        0.000      
    97           88          112          32.00          1.370        0.000        150.0        2.763      
    98           65           75          20.00         0.7000      -1.0000E-01    120.0        0.000      
    99           99           74          20.00         0.7000      -1.0000E-01    120.0        0.000      
   105          105           78          20.00         0.7000      -1.0000E-01    120.0        0.000      
   107           97           83          20.00         0.7000      -1.0000E-01    120.0        0.000      
   109          111           24          25.00         0.4200        0.000        120.0        0.000      
   110          103           87          20.00         0.7000      -1.0000E-01    120.0        0.000      
   111          106           99          25.00         0.6500        0.000        150.0        0.000      
   112          110           73          20.00         0.7000      -1.0000E-01    120.0        0.000      
   113           94           25          20.00         0.7000      -1.0000E-01    120.0        0.000      
   114          112           81          20.00         0.7000      -1.0000E-01    120.0        0.000      
   
   
 PIPE FITTINGS
 -------------
   
 Pipe         Number x Type  Equivalent Length
 Label                          (metres  )
 ----------------------------------------------------------------------------------------------------
     1         2 x  2    4.267       1 x  4    9.144       1 x  5   0.9144       1 x  6    9.754     
     2         1 x  4    9.144                                                                       
     5         1 x  2    2.763                                                                       
     8         1 x  2    3.658                                                                       
     9         1 x  4    7.620       1 x  9    2.743                                                 
    10         1 x  4    7.620                                                                       
    11         1 x  2    3.658                                                                       
    14         2 x  2    3.658                                                                       
    15         1 x  4    7.620                                                                       
    16         2 x  2    2.134       1 x  4    4.572                                                 
    20         1 x  2    1.842       1 x  4    3.685                                                 
    25         1 x  4    4.572                                                                       
    26         1 x  2    1.382                                                                       
    27         1 x  2    1.524                                                                       
    29         1 x  4    5.527                                                                       
    30         1 x  2    2.763       1 x  4    5.527                                                 
    31         1 x  2    2.303       1 x  4    4.606                                                 
    32         1 x  4    5.527                                                                       
1

 TITLE : Officetell                                                       DATE : 29-Jun-2026           PAGE    8 OF   24
 -----------------------------------------------------------------------------------------------------------------------
   
   
 PIPE FITTINGS
 -------------
   
 Pipe         Number x Type  Equivalent Length
 Label                          (metres  )
 ----------------------------------------------------------------------------------------------------
    33         1 x  4    3.685                                                                       
    34         1 x  4    5.527                                                                       
    35         1 x  4    5.527                                                                       
    36         1 x  4    5.527                                                                       
    37         1 x  4    4.606                                                                       
    38         1 x  2    1.842       1 x  4    3.685                                                 
    39         1 x  2    1.842       1 x  4    3.685                                                 
    40         1 x  4    2.763                                                                       
    42         1 x  4    2.763                                                                       
    43         1 x  2   0.9211                                                                       
    44         1 x  4    2.763                                                                       
    45         1 x  2   0.9211                                                                       
    46         1 x  2   0.9211                                                                       
    47         2 x  2    1.382       1 x  4    2.763                                                 
    48         1 x  2   0.9211                                                                       
    49         1 x  4    4.606                                                                       
    50         1 x  4    2.763                                                                       
    51         1 x  2   0.9211                                                                       
    59         1 x  4    2.763                                                                       
    74         3 x  2    2.763       1 x  4    5.527                                                 
    75         1 x  4    5.527                                                                       
    77         1 x  2    1.524                                                                       
    79         1 x  4    5.527                                                                       
    80         1 x  4    4.606                                                                       
    81         1 x  2    2.763                                                                       
    84         1 x  2   0.9211                                                                       
    86         1 x  1   0.4606                                                                       
    87         1 x  4    2.763                                                                       
    89         1 x  2    1.842       1 x  4    3.685                                                 
    91         1 x  4    2.763                                                                       
    92         1 x  2    1.842       1 x  4    3.685                                                 
    93         1 x  2   0.9211                                                                       
    94         1 x  2    2.303                                                                       
    95         1 x  4    2.763                                                                       
    97         1 x  4    2.763                                                                       

 Fitting types are :
  1 -- 45 Deg Elbow                            
  2 --  90 Deg Standard Elbow                  
  3 -- 90 Deg Long Radius Elbow                
  4 -- Tee or Cross (Flow Turned Thro 90 Deg)  
  5 -- Gate Valve                              
  6 -- Swing Check Valve                       
1

 TITLE : Officetell                                                       DATE : 29-Jun-2026           PAGE    9 OF   24
 -----------------------------------------------------------------------------------------------------------------------
  7 -- Non-Return Valve                        
  8 -- Ball Valve                              
  9 -- Butterfly Valve                         
1

 TITLE : Officetell                                                       DATE : 29-Jun-2026           PAGE   10 OF   24
 -----------------------------------------------------------------------------------------------------------------------



 NOZZLE CONFIGURATION
 --------------------

   Nozzle       Input       Nozzle      K-Factor        Req Flow         Min Press        Max Press
   Label        Node         Type                      (lit/min )       (kg/cm2 G)       (kg/cm2 G)
 ---------------------------------------------------------------------------------------------------
     1            54           1         80.0000          80.0000      0.10000E+01      0.12000E+02
     2            55           1         80.0000          80.0000      0.10000E+01      0.12000E+02
     3            56           1         80.0000          80.0000      0.10000E+01      0.12000E+02
     4            57           1         80.0000          80.0000      0.10000E+01      0.12000E+02
     5            58           1         80.0000          80.0000      0.10000E+01      0.12000E+02
     6            59           1         80.0000          80.0000      0.10000E+01      0.12000E+02
     7            60           1         80.0000          80.0000      0.10000E+01      0.12000E+02
     8            95           1         80.0000          80.0000      0.10000E+01      0.12000E+02
     9            62           1         80.0000          80.0000      0.10000E+01      0.12000E+02
    10            63           1         80.0000          80.0000      0.10000E+01      0.12000E+02
    11            64           1         80.0000          80.0000      0.10000E+01      0.12000E+02
    12            96           1         80.0000          80.0000      0.10000E+01      0.12000E+02
    13            66           1         80.0000          80.0000      0.10000E+01      0.12000E+02
    14            67           1         80.0000          80.0000      0.10000E+01      0.12000E+02
    15            70           1         80.0000          80.0000      0.10000E+01      0.12000E+02
    16            69           1         80.0000          80.0000      0.10000E+01      0.12000E+02
    17            68           1         80.0000          80.0000      0.10000E+01      0.12000E+02
    18            46           1         80.0000          80.0000      0.10000E+01      0.12000E+02
    19            72           1         80.0000          80.0000      0.10000E+01      0.12000E+02
    20            71           1         80.0000          80.0000      0.10000E+01      0.12000E+02
    21            78           1         80.0000          80.0000      0.10000E+01      0.12000E+02
    22            83           1         80.0000          80.0000      0.10000E+01      0.12000E+02
    23            87           1         80.0000          80.0000      0.10000E+01      0.12000E+02
    24            79           1         80.0000          80.0000      0.10000E+01      0.12000E+02
    25            73           1         80.0000          80.0000      0.10000E+01      0.12000E+02
    26            24           1         80.0000          80.0000      0.10000E+01      0.12000E+02
    27            74           1         80.0000          80.0000      0.10000E+01      0.12000E+02
    28            75           1         80.0000          80.0000      0.10000E+01      0.12000E+02
    29            25           1         80.0000          80.0000      0.10000E+01      0.12000E+02
    30            81           1         80.0000          80.0000      0.10000E+01      0.12000E+02



 Nozzle types are :
    1 -- SP-HEAD                       
1

 TITLE : Officetell                                                       DATE : 29-Jun-2026           PAGE   11 OF   24
 -----------------------------------------------------------------------------------------------------------------------



 SPECIAL EQUIPMENT
 -----------------

 Equipment           Pipe            Equivalent Length    Description
     Label           Label            (metres  )
 --------------------------------------------------------------------
       1               9               0.12900E+02       A/V                 
       2              52               0.15600E+02       FX                  
       3              53               0.15600E+02       FX                  
       4              54               0.15600E+02       FX                  
       5              56               0.15600E+02       FX                  
       6               7               0.15600E+02       FX                  
       7              83               0.15600E+02       FX                  
       8              60               0.15600E+02       FX                  
       9              61               0.15600E+02       FX                  
      10              62               0.15600E+02       FX                  
      11              85               0.15600E+02       FX                  
      12              65               0.15600E+02       FX                  
      13              64               0.15600E+02       FX                  
      14              66               0.15600E+02       FX                  
      15              67               0.15600E+02       FX                  
      16              68               0.15600E+02       FX                  
      17              69               0.15600E+02       FX                  
      18              63               0.15600E+02       FX                  
      19              70               0.15600E+02       FX                  
      20              99               0.15600E+02       FX                  
      21              55               0.15600E+02       FX                  
      22              72               0.15600E+02       FX                  
      23              98               0.15600E+02       FX                  
      24             105               0.15600E+02       FX                  
      25              23               0.15600E+02       FX                  
      26             107               0.15600E+02       FX                  
      27              90               0.15600E+02       FX                  
      28             110               0.15600E+02       FX                  
      30             112               0.15600E+02       FX                  
      31             113               0.15600E+02       FX                  
      32             114               0.15600E+02       FX                  
1

 TITLE : Officetell                                                       DATE : 29-Jun-2026           PAGE   12 OF   24
 -----------------------------------------------------------------------------------------------------------------------



 DESIGNED DIAMETERS & FLOWRATES
 ------------------------------


  Pipe        Input        Output         Flowrate    Pipe     Act. Bore  Nom. Size  Pipe
  Label       Node         Node           (lit/min )  Type     (milli.m.) (milli.m.) Group
 ------------------------------------------------------------------------------------------
     1            1          101           2903.1328    9       155.5000    150.0000      *
     2            2          100           2903.1328    9       155.5000    150.0000      *
     5           26           21           1362.4996   13        61.4000     65.0000      *
     6          101            2           2903.1328    9       155.5000    150.0000      *
     7           98           60             82.1660   14        21.6000     20.0000      *
     8          100           10           2903.1331    9       130.1000    125.0000      *
     9           10           11           2903.1331    9       130.1000    125.0000      *
    10           11           23           2903.1331    9       130.1000    125.0000      *
    11           12           13           2903.1331    9       130.1000    125.0000      *
    12           13           14           2903.1331    9       130.1000    125.0000      *
    13           14           15           2903.1331    9       130.1000    125.0000      *
    14           15           18           2903.1331    9       130.1000    125.0000      *
    15           16           19           2903.1331    9       130.1000    125.0000      *
    16           20           17           1794.7555    9        81.0000     80.0000      *
    17           18           16           2903.1331    9       130.1000    125.0000      *
    18           19           20           1794.7556    9       130.1000    125.0000      *
    19           17           91           1362.4998    9        69.0000     65.0000      *
    20            6           51            270.8665   13        40.5000     40.0000      *
    21           23           12           2903.1331    9       130.1000    125.0000      *
    22           27           57             80.0391   12        25.0000     25.0000      *
    23          104           76            106.5349   14        21.6000     20.0000      *
    24            6           92             94.4518   13        27.9000     25.0000      *
    25           19           80           1108.3776    9        81.0000     80.0000      *
    26           36            9            166.2644   13        35.4000     32.0000      *
    27           17           22            432.2557    9        53.2000     50.0000      *
    28           21           30           1362.4996   13        61.4000     65.0000      *
    29           30           86           1362.4996   13        61.4000     65.0000      *
    30           86           33            997.1814   13        61.4000     65.0000      *
    31           22           28            432.2556   13        50.8000     50.0000      *
    32           33           35            821.6342   13        61.4000     65.0000      *
    33           28           32            321.3931   13        40.5000     40.0000      *
    34           35           36            734.7258   13        61.4000     65.0000      *
    35           36           37            568.4614   13        61.4000     65.0000      *
    36           37           38            404.6259   13        61.4000     65.0000      *
    37           38           39            321.5673   13        50.8000     50.0000      *
    38           39           40            160.8923   13        40.5000     40.0000      *
    39           40           41             80.2914   13        40.5000     40.0000      *
    40           39           42            160.6750   13        35.4000     32.0000      *
    41           42           43             80.0391   13        27.9000     25.0000      *
1

 TITLE : Officetell                                                       DATE : 29-Jun-2026           PAGE   13 OF   24
 -----------------------------------------------------------------------------------------------------------------------



 DESIGNED DIAMETERS & FLOWRATES
 ------------------------------


  Pipe        Input        Output         Flowrate    Pipe     Act. Bore  Nom. Size  Pipe
  Label       Node         Node           (lit/min )  Type     (milli.m.) (milli.m.) Group
 ------------------------------------------------------------------------------------------
    42           37           44            163.8355   13        35.4000     32.0000      *
    43           44           31             81.6694   13        27.9000     25.0000      *
    44           32           34            212.7487   13        35.4000     32.0000      *
    45           34           47            105.8760   13        27.9000     25.0000      *
    46           35           48             86.9083   13        27.9000     25.0000      *
    47           33           49            175.5473   13        35.4000     32.0000      *
    48           49           50             87.4037   13        27.9000     25.0000      *
    49           86            6            365.3183   13        50.8000     50.0000      *
    50           51           52            179.4288   13        35.4000     32.0000      *
    51           52           53             89.2597   13        27.9000     25.0000      *
    52           41           54             80.2914   14        21.6000     20.0000      *
    53           40           55             80.6009   14        21.6000     20.0000      *
    54           42           56             80.6359   14        21.6000     20.0000      *
    55           43           27             80.0391   14        21.6000     20.0000      *
    56           38           58             83.0586   14        21.6000     20.0000      *
    57           45           59             81.6695   12        25.0000     25.0000      *
    58           44           98             82.1660   13        27.9000     25.0000      *
    59            9           29            166.2644   13        35.4000     32.0000      *
    60           47           62            105.8760   14        21.6000     20.0000      *
    61           34           63            106.8727   14        21.6000     20.0000      *
    62           48           64             86.9084   14        21.6000     20.0000      *
    63           28           46            110.8626   14        21.6000     20.0000      *
    64           49           66             88.1436   14        21.6000     20.0000      *
    65           50           67             87.4037   14        21.6000     20.0000      *
    66           51           68             91.4377   14        21.6000     20.0000      *
    67           52           69             90.1691   14        21.6000     20.0000      *
    68           53           70             89.2597   14        21.6000     20.0000      *
    69           92           71             94.4518   14        21.6000     20.0000      *
    70           32           72            108.6444   14        21.6000     20.0000      *
    71           80           82            869.5319    9        69.0000     65.0000      *
    72           31           45             81.6695   14        21.6000     20.0000      *
    73           76           79            106.5349   12        25.0000     25.0000      *
    74           82          107            869.5319   13        61.4000     65.0000      *
    75          107          108            756.4797   13        61.4000     65.0000      *
    77           80           84            238.8457    9        53.2000     50.0000      *
    79          108          110            538.4821   13        61.4000     65.0000      *
    80          110          109            427.9891   13        50.8000     50.0000      *
    81           91           26           1362.4996   13        61.4000     65.0000      *
    82           29           93             82.9220   13        27.9000     25.0000      *
1

 TITLE : Officetell                                                       DATE : 29-Jun-2026           PAGE   14 OF   24
 -----------------------------------------------------------------------------------------------------------------------



 DESIGNED DIAMETERS & FLOWRATES
 ------------------------------


  Pipe        Input        Output         Flowrate    Pipe     Act. Bore  Nom. Size  Pipe
  Label       Node         Node           (lit/min )  Type     (milli.m.) (milli.m.) Group
 ------------------------------------------------------------------------------------------
    83           29           95             83.3424   14        21.6000     20.0000      *
    84          106           77            108.6734   13        27.9000     25.0000      *
    85           93           96             82.9221   14        21.6000     20.0000      *
    86          107           61            113.0522   13        35.4000     32.0000      *
    87          109          103            213.8520   13        35.4000     32.0000      *
    88          103          104            106.5349   13        27.9000     25.0000      *
    89          109           97            214.1371   13        40.5000     40.0000      *
    90           77          111            108.6735   14        21.6000     20.0000      *
    91           61           65            113.0522   13        35.4000     32.0000      *
    92           97          105            106.8658   13        40.5000     40.0000      *
    93          112           94            118.8672   13        27.9000     25.0000      *
    94           84           85            238.8457   13        50.8000     50.0000      *
    95          108          106            217.9975   13        35.4000     32.0000      *
    96           85           88            238.8457   13        40.5000     40.0000      *
    97           88          112            238.8457   13        35.4000     32.0000      *
    98           65           75            113.0522   14        21.6000     20.0000      *
    99           99           74            109.3241   14        21.6000     20.0000      *
   105          105           78            106.8658   14        21.6000     20.0000      *
   107           97           83            107.2714   14        21.6000     20.0000      *
   109          111           24            108.6735   12        25.0000     25.0000      *
   110          103           87            107.3171   14        21.6000     20.0000      *
   111          106           99            109.3241   13        27.9000     25.0000      *
   112          110           73            110.4930   14        21.6000     20.0000      *
   113           94           25            118.8672   14        21.6000     20.0000      *
   114          112           81            119.9785   14        21.6000     20.0000      *

 A * indicates that this is a SET diameter

 Pipe Materials are :
 Pipe Type                          Lining Type     Thickness(milli.m.)

    9    -- KSD 3507                     Not Lined
   14    -- FX                           Not Lined
   13    -- CPVC                         Not Lined
   12    -- DP                           Not Lined
1

 TITLE : Officetell                                                       DATE : 29-Jun-2026           PAGE   15 OF   24
 -----------------------------------------------------------------------------------------------------------------------



 FLOW IN PIPES
 -------------

 Pipe         Input        Output    Nom.Bore  Inlet Pr.   Outlet Pr.  Drop in Pr. Frict. Loss Flowrate   Velocity
 Label        Node         Node     (milli.m.) (kg/cm2 G)  (kg/cm2 G)  (kg/cm2  )  (kg/cm2  )  (lit/min )  (m/sec   )
 -----------------------------------------------------------------------------------------------------------------------
     1            1          101        150.00   0.000     -0.1595      0.1595      0.2294       2903.       2.548       
     2            2          100        150.00  0.5631       6.861      -6.298      0.3598       2903.       2.548       
     5           26           21         65.00   4.553       4.071      0.4813      0.4813       1362.       7.669       
     6          101            2        150.00 -0.1595      0.5631     -0.7226      3.6056E-02   2903.       2.548       
     7           98           60         20.00   2.625       1.055       1.571       1.581       82.17       3.737      E
     8          100           10        125.00   6.861       6.809      5.2669E-02  5.2669E-02   2903.       3.640       
     9           10           11        125.00   6.809       6.234      0.5742      0.2947       2903.       3.640      E
    10           11           23        125.00   6.234       6.136      9.7923E-02  9.7923E-02   2903.       3.640       
    11           12           13        125.00   6.118       6.054      6.4425E-02  6.4425E-02   2903.       3.640       
    12           13           14        125.00   6.054       6.024      3.0306E-02  3.0306E-02   2903.       3.640       
    13           14           15        125.00   6.024       6.016      7.3524E-03  7.3524E-03   2903.       3.640       
    14           15           18        125.00   6.016       5.877      0.1393      0.1393       2903.       3.640       
    15           16           19        125.00   5.873       5.782      9.0688E-02  9.0688E-02   2903.       3.640       
    16           20           17         80.00   5.777       4.957      0.8204      0.8204       1795.       5.805       
    17           18           16        125.00   5.877       5.873      4.0736E-03  4.0736E-03   2903.       3.640       
    18           19           20        125.00   5.782       5.777      5.0120E-03  5.0120E-03   1795.       2.250       
    19           17           91         65.00   4.957       4.890      6.6695E-02  6.6695E-02   1362.       6.073       
    20            6           51         40.00   3.443       3.224      0.2188      0.2188       270.9       3.504       
    21           23           12        125.00   6.136       6.118      1.7978E-02  1.7978E-02   2903.       3.640       
    22           27           57         25.00   1.020       1.001      1.9033E-02  1.9033E-02   80.04       2.718       
    23          104           76         20.00   4.355       1.806       2.549       2.559       106.5       4.846      E
    24            6           92         25.00   3.443       3.431      1.1711E-02  1.1711E-02   94.45       2.575       
    25           19           80         80.00   5.782       5.683      9.9428E-02  9.9428E-02   1108.       3.585       
    26           36            9         32.00   2.818       2.779      3.9269E-02  3.9269E-02   166.3       2.815       
    27           17           22         50.00   4.957       4.858      9.9106E-02  9.9106E-02   432.3       3.241       
    28           21           30         65.00   4.071       4.015      5.6472E-02  5.6472E-02   1362.       7.669       
    29           30           86         65.00   4.015       3.531      0.4837      0.4837       1362.       7.669       
    30           86           33         65.00   3.531       3.175      0.3559      0.3559       997.2       5.613       
    31           22           28         50.00   4.858       4.665      0.1927      0.1927       432.3       3.554       
    32           33           35         65.00   3.175       3.000      0.1754      0.1754       821.6       4.625       
    33           28           32         40.00   4.665       4.488      0.1773      0.1773       321.4       4.158       
    34           35           36         65.00   3.000       2.818      0.1816      0.1816       734.7       4.136       
    35           36           37         65.00   2.818       2.734      8.3912E-02  8.3912E-02   568.5       3.200       
    36           37           38         65.00   2.734       2.681      5.3658E-02  5.3658E-02   404.6       2.278       
    37           38           39         50.00   2.681       2.604      7.6571E-02  7.6571E-02   321.6       2.644       
    38           39           40         40.00   2.604       2.530      7.3812E-02  7.3812E-02   160.9       2.082       
    39           40           41         40.00   2.530       2.512      1.8646E-02  1.8646E-02   80.29       1.039       
    40           39           42         32.00   2.604       2.532      7.1701E-02  7.1701E-02   160.7       2.721       
    41           42           43         25.00   2.532       2.515      1.6871E-02  1.6871E-02   80.04       2.182       
    42           37           44         32.00   2.734       2.637      9.6751E-02  9.6751E-02   163.8       2.774       
    43           44           31         25.00   2.637       2.615      2.2648E-02  2.2648E-02   81.67       2.226       
1

 TITLE : Officetell                                                       DATE : 29-Jun-2026           PAGE   16 OF   24
 -----------------------------------------------------------------------------------------------------------------------



 FLOW IN PIPES
 -------------

 Pipe         Input        Output    Nom.Bore  Inlet Pr.   Outlet Pr.  Drop in Pr. Frict. Loss Flowrate   Velocity
 Label        Node         Node     (milli.m.) (kg/cm2 G)  (kg/cm2 G)  (kg/cm2  )  (kg/cm2  )  (lit/min )  (m/sec   )
 -----------------------------------------------------------------------------------------------------------------------
    44           32           34         32.00   4.488       4.349      0.1392      0.1392       212.7       3.603       
    45           34           47         25.00   4.349       4.271      7.7406E-02  7.7406E-02   105.9       2.886       
    46           35           48         25.00   3.000       2.924      7.5383E-02  7.5383E-02   86.91       2.369       
    47           33           49         32.00   3.175       3.005      0.1705      0.1705       175.5       2.973       
    48           49           50         25.00   3.005       2.956      4.8248E-02  4.8248E-02   87.40       2.383       
    49           86            6         50.00   3.531       3.443      8.8206E-02  8.8206E-02   365.3       3.004       
    50           51           52         32.00   3.224       3.139      8.5320E-02  8.5320E-02   179.4       3.038       
    51           52           53         25.00   3.139       3.078      6.0495E-02  6.0495E-02   89.26       2.433       
    52           41           54         20.00   2.512       1.007       1.504       1.514       80.29       3.652      E
    53           40           55         20.00   2.530       1.015       1.515       1.525       80.60       3.666      E
    54           42           56         20.00   2.532       1.016       1.516       1.526       80.64       3.668      E
    55           43           27         20.00   2.515       1.020       1.495       1.505       80.04       3.640      E
    56           38           58         20.00   2.681       1.078       1.603       1.613       83.06       3.778      E
    57           45           59         25.00   1.062       1.042      1.9762E-02  1.9762E-02   81.67       2.773       
    58           44           98         25.00   2.637       2.625      1.1997E-02  1.1997E-02   82.17       2.240       
    59            9           29         32.00   2.779       2.698      8.0670E-02  8.0670E-02   166.3       2.815       
    60           47           62         20.00   4.271       1.752       2.520       2.530       105.9       4.816      E
    61           34           63         20.00   4.349       1.785       2.564       2.574       106.9       4.861      E
    62           48           64         20.00   2.924       1.180       1.744       1.754       86.91       3.953      E
    63           28           46         20.00   4.665       1.920       2.745       2.755       110.9       5.042      E
    64           49           66         20.00   3.005       1.214       1.791       1.801       88.14       4.009      E
    65           50           67         20.00   2.956       1.194       1.763       1.773       87.40       3.975      E
    66           51           68         20.00   3.224       1.306       1.918       1.928       91.44       4.159      E
    67           52           69         20.00   3.139       1.270       1.868       1.878       90.17       4.101      E
    68           53           70         20.00   3.078       1.245       1.833       1.843       89.26       4.060      E
    69           92           71         20.00   3.431       1.394       2.037       2.047       94.45       4.296      E
    70           32           72         20.00   4.488       1.844       2.644       2.654       108.6       4.941      E
    71           80           82         65.00   5.683       5.666      1.6545E-02  1.6545E-02   869.5       3.876       
    72           31           45         20.00   2.615       1.062       1.553       1.563       81.67       3.715      E
    73           76           79         25.00   1.806       1.773      3.2351E-02  3.2351E-02   106.5       3.617       
    74           82          107         65.00   5.666       4.892      0.7746      0.7746       869.5       4.894       
    75          107          108         65.00   4.892       4.727      0.1652      0.1652       756.5       4.258       
    77           80           84         50.00   5.683       5.654      2.9001E-02  2.9001E-02   238.8       1.791       
    79          108          110         65.00   4.727       4.635      9.1173E-02  9.1173E-02   538.5       3.031       
    80          110          109         50.00   4.635       4.505      0.1301      0.1301       428.0       3.519       
    81           91           26         65.00   4.890       4.553      0.3376      0.3376       1362.       7.669       
    82           29           93         25.00   2.698       2.672      2.6089E-02  2.6089E-02   82.92       2.261       
    83           29           95         20.00   2.698       1.085       1.613       1.623       83.34       3.791      E
    84          106           77         25.00   4.562       4.524      3.8469E-02  3.8469E-02   108.7       2.963       
    85           93           96         20.00   2.672       1.074       1.598       1.608       82.92       3.772      E
    86          107           61         32.00   4.892       4.883      8.8973E-03  8.8973E-03   113.1       1.914       
1

 TITLE : Officetell                                                       DATE : 29-Jun-2026           PAGE   17 OF   24
 -----------------------------------------------------------------------------------------------------------------------



 FLOW IN PIPES
 -------------

 Pipe         Input        Output    Nom.Bore  Inlet Pr.   Outlet Pr.  Drop in Pr. Frict. Loss Flowrate   Velocity
 Label        Node         Node     (milli.m.) (kg/cm2 G)  (kg/cm2 G)  (kg/cm2  )  (kg/cm2  )  (lit/min )  (m/sec   )
 -----------------------------------------------------------------------------------------------------------------------
    87          109          103         32.00   4.505       4.383      0.1219      0.1219       213.9       3.621       
    88          103          104         25.00   4.383       4.355      2.8679E-02  2.8679E-02   106.5       2.904       
    89          109           97         40.00   4.505       4.380      0.1254      0.1254       214.1       2.770       
    90           77          111         20.00   4.524       1.879       2.645       2.655       108.7       4.943      E
    91           61           65         32.00   4.883       4.843      3.9570E-02  3.9570E-02   113.1       1.914       
    92           97          105         40.00   4.380       4.348      3.1688E-02  3.1688E-02   106.9       1.383       
    93          112           94         25.00   5.428       5.332      9.5904E-02  9.5904E-02   118.9       3.240       
    94           84           85         50.00   5.654       5.623      3.1208E-02  3.1208E-02   238.8       1.964       
    95          108          106         32.00   4.727       4.562      0.1643      0.1643       218.0       3.691       
    96           85           88         40.00   5.623       5.600      2.2536E-02  2.2536E-02   238.8       3.090       
    97           88          112         32.00   5.600       5.428      0.1725      0.1725       238.8       4.045       
    98           65           75         20.00   4.843       1.997       2.846       2.856       113.1       5.142      E
    99           99           74         20.00   4.542       1.867       2.674       2.684       109.3       4.972      E
   105          105           78         20.00   4.348       1.784       2.564       2.574       106.9       4.861      E
   107           97           83         20.00   4.380       1.798       2.582       2.592       107.3       4.879      E
   109          111           24         25.00   1.879       1.845      3.3564E-02  3.3564E-02   108.7       3.690       
   110          103           87         20.00   4.383       1.800       2.584       2.594       107.3       4.881      E
   111          106           99         25.00   4.562       4.542      2.0369E-02  2.0369E-02   109.3       2.980       
   112          110           73         20.00   4.635       1.908       2.728       2.738       110.5       5.026      E
   113           94           25         20.00   5.332       2.208       3.124       3.134       118.9       5.406      E
   114          112           81         20.00   5.428       2.249       3.179       3.189       120.0       5.457      E

     NOTE: An E indicates a Pipe containing a Special Equipment
1

 TITLE : Officetell                                                       DATE : 29-Jun-2026           PAGE   18 OF   24
 -----------------------------------------------------------------------------------------------------------------------



 FLOW THROUGH NOZZLES
 --------------------

  Nozzle       Input          Inlet Press     Req. Flow     Flowrate    % Deviation    Req. FlowDens   FlowDens
  Label        Label          (kg/cm2 G)     (lit/min )    (lit/min )                  ( lit/min /metres  **2 )
 --------------------------------------------------------------------------------------------------------------
     1            54          0.10073E+01        80.0000      80.2912         0.36
     2            55          0.10151E+01        80.0000      80.6007         0.75
     3            56          0.10159E+01        80.0000      80.6357         0.79
     4            57          0.10010E+01        80.0000      80.0389         0.05
     5            58          0.10779E+01        80.0000      83.0584         3.82
     6            59          0.10422E+01        80.0000      81.6693         2.09
     7            60          0.10549E+01        80.0000      82.1658         2.71
     8            95          0.10853E+01        80.0000      83.3422         4.18
     9            62          0.17515E+01        80.0000     105.8758        32.34
    10            63          0.17846E+01        80.0000     106.8724        33.59
    11            64          0.11802E+01        80.0000      86.9082         8.64
    12            96          0.10744E+01        80.0000      82.9219         3.65
    13            66          0.12139E+01        80.0000      88.1434        10.18
    14            67          0.11936E+01        80.0000      87.4035         9.25
    15            70          0.12449E+01        80.0000      89.2595        11.57
    16            69          0.12704E+01        80.0000      90.1689        12.71
    17            68          0.13064E+01        80.0000      91.4375        14.30
    18            46          0.19204E+01        80.0000     110.8624        38.58
    19            72          0.18443E+01        80.0000     108.6441        35.81
    20            71          0.13939E+01        80.0000      94.4516        18.06
    21            78          0.17844E+01        80.0000     106.8655        33.58
    22            83          0.17980E+01        80.0000     107.2711        34.09
    23            87          0.17995E+01        80.0000     107.3168        34.15
    24            79          0.17734E+01        80.0000     106.5347        33.17
    25            73          0.19076E+01        80.0000     110.4927        38.12
    26            24          0.18453E+01        80.0000     108.6732        35.84
    27            74          0.18675E+01        80.0000     109.3238        36.65
    28            75          0.19970E+01        80.0000     113.0519        41.31
    29            25          0.22077E+01        80.0000     118.8669        48.58
    30            81          0.22492E+01        80.0000     119.9782        49.97

 Note: A * after a value indicates that this is a specification
1

 TITLE : Officetell                                                       DATE : 29-Jun-2026           PAGE   19 OF   24
 -----------------------------------------------------------------------------------------------------------------------




 FLOW AT INLETS
 --------------

 Inlet Node    Pressure      Flowrate        Equivalent K-factor
              (kg/cm2 G)    (lit/min )       (lit/min  , kg/cm2 G)
 ------------------------------------------------------------
     1          0.000     *   2903.          0.0000    

 Note: A * after a value indicates that this is a specification
1

 TITLE : Officetell                                                       DATE : 29-Jun-2026           PAGE   20 OF   24
 -----------------------------------------------------------------------------------------------------------------------

 Materials Take-off
 ------------------
 Pipe lengths
 ------------


    KSD 3507                CPVC                    FX                      DP


 Nom. Size  Tot. Length  Nom. Size  Tot. Length  Nom. Size  Tot. Length  Nom. Size  Tot. Length  Nom. Size  Tot. Length 
 (milli.m.) (metres  )   (milli.m.) (metres  )   (milli.m.) (metres  )   (milli.m.) (metres  )   (milli.m.) (metres  )  
 ----------------------------------------------------------------------------------------------------------------------
    50.000   4.110          25.000   15.20          20.000   21.00          25.000   1.680    
    65.000   1.710          32.000   13.48    
    80.000   9.360          40.000   9.580    
   125.000   18.64          50.000   8.170    
   150.000   94.30          65.000   27.60    
1

 TITLE : Officetell                                                       DATE : 29-Jun-2026           PAGE   21 OF   24
 -----------------------------------------------------------------------------------------------------------------------

 Materials Take-off
 ------------------
 Nozzles
 -------

 Type                                K-Factor          Number
 ----                                --------          ------
 SP-HEAD                              80.0000             30
1

 TITLE : Officetell                                                       DATE : 29-Jun-2026           PAGE   22 OF   24
 -----------------------------------------------------------------------------------------------------------------------

 Materials Take Off
 ------------------
 Fittings
 --------

    Fitting
    Nominal
     Size                         Fitting Type
   (milli.m.)      1      2      3      4      5      6      7      8      9
   -------------------------------------------------------------------------

    25.000         0      7      0      0      0      0      0      0      0
    32.000         1      3      0     10      0      0      0      0      0
    40.000         0      5      0      6      0      0      0      0      0
    50.000         0      4      0      4      0      0      0      0      0
    65.000         0      6      0      9      0      0      0      0      0
    80.000         0      2      0      2      0      0      0      0      0
   125.000         0      4      0      3      0      0      0      0      1
   150.000         0      2      0      2      1      1      0      0      0


  Fitting Types are :
  1 -- 45 Deg Elbow               4 -- Tee or Cross               7 -- Non-Return Valve
  2 --  90 Deg Standard Elbow     5 -- Gate Valve                 8 -- Ball Valve               
  3 -- 90 Deg Long Radius Elbow   6 -- Swing Check Valve          9 -- Butterfly Valve          


  All fittings are as specified by user - no additional fittings have been generated automatically.


 Other Equipment
 ---------------
 Type                                Number
 ----                                ------
 Special Equipment                      31

 The supply demand graph is not available for the network without pump 
1

 TITLE : Officetell                                                       DATE : 29-Jun-2026           PAGE   23 OF   24
 -----------------------------------------------------------------------------------------------------------------------
                                                                                                    
                                                                                                    
                                                                                                    
                                                                                                    
 IMPORTANT NOTICE                                                                                   
 ----------------                                                                                   
                                                                                                    
 Your attention is drawn to the need to maintain adequate standards.   SUNRISE  SYSTEMS  Ltd        
 has itself  taken  steps  to  ensure that this program produces valid results when properly        
 used.  Users are reminded of their responsibilities in the application of  program  results        
 and, in  particular,  you  should  ensure  that pertinent output documents are examined and        
 approved by qualified staff prior to use.                                                          
                                                                                                    
1

 TITLE : Officetell                                                       DATE : 29-Jun-2026           PAGE   24 OF   24
 -----------------------------------------------------------------------------------------------------------------------


 COMMENTS
 --------

 Analysis Converged in    5 Iterations
1
 ========================================================================================================================

                                  Officetell                                                  
                                  WATER TANK_PH2F                                             
                                  3-2 type_MSP_26F                                            
                                                                                              


 ========================================================================================================================
