CONTROL INFORMATION
===================
    Convergence accuracy        = 1.000000E-03
    Maximum no. of iterations   = 500
    Elevation Check Tolerance   = 0.500000 metres
    Design standard             = NFPA
    Pressure model              = Hazen-Williams
    Velocity pressure model     = Ignore

FLUID SYSTEM
==================
    Fluid Class                 = 1 (Liquid)
    Density                     = 998.2 kg/cu.m
    Viscosity                   = 1e-009 Pa.s

DESIGN INFORMATION
==================
Spray System

    Pipe Materials are :
      Pipe Type               Lining Type         Thickness(milli.m.)
      KSD 3507                No lining           

    Design to NFPA Rules
    Using the Hazen-Williams Equation
    Velocity Pressure Model: Ignore
    Pressure loss at entrance: Ignore
    Pressure loss at exit: Ignore

AVAILABLE PIPE SIZES AND MAXIMUM VELOCITIES — KSD 3507 / No lining
==================================================================
   Nom.Bore    Act.Diam    Max.Vel.
             (milli.m.)     (m/sec)
-----------------------------------
    15.0000     16.4000      6.0000
    20.0000     21.9000      6.0000
    25.0000     27.5000      6.0000
    32.0000     36.2000      6.0000
    40.0000     42.1000      6.0000
    50.0000     53.2000      6.0000
    65.0000     69.0000     10.0000
    80.0000     81.0000     10.0000
    90.0000     93.5000     10.0000
   100.0000    105.3000     10.0000
   125.0000    130.1000     10.0000
   150.0000    155.5000     10.0000
   200.0000    204.6000     10.0000

AVAILABLE PIPE SIZES AND MAXIMUM VELOCITIES — KSD 3507 / No lining (이어짐)
==================================================================
   Nom.Bore    Act.Diam    Max.Vel.
             (milli.m.)     (m/sec)
-----------------------------------
   250.0000    254.6000     10.0000
   300.0000    304.5000     10.0000

PIPE CONFIGURATION
==================
Pipe Label   Input Node   Output Node     Nom.Bore       Length    Elevation  C Factor Fitt.eq.lnth
                                        (milli.m.)     (metres)     (metres)               (metres)
---------------------------------------------------------------------------------------------------
10           10           125                65.00   2.2000E-02        0.000     120.0        2.134
11           123          125                65.00        1.035        0.000     120.0        0.000
12           123          124                80.00        1.982        0.000     120.0        0.000
13           120          124                125.0        6.250        0.000     120.0        0.000
14           120          121                80.00        1.346        0.000     120.0        0.000
15           107          121                125.0        4.630        0.000     120.0        0.000
16           121          122                80.00   3.1900E-01        0.000     120.0        4.572
17           107          108                80.00        1.194        0.000     120.0        0.000
18           69           108                65.00        10.09        0.000     120.0        0.000
19           68           69                 65.00        3.066        0.000     120.0        3.658
20           41           68                 65.00        2.690        0.000     120.0        3.658
21           68           70                 40.00   6.4800E-01        0.000     120.0        2.438
22           68           73                 32.00   8.3400E-01        0.000     120.0        1.829
23           37           41                 65.00        7.119        0.000     120.0        3.658
24           41           42                 65.00   8.8000E-02        0.000     120.0        3.658
25           41           54                 65.00   4.2200E-01        0.000     120.0        3.658
26           37           61                 50.00        2.132        0.000     120.0        3.048
27           37           38                 50.00   2.3000E-01        0.000     120.0        3.048
28           60           61                 40.00   7.3000E-02        0.000     120.0        2.438
29           60           67                 40.00   7.2800E-01        0.000     120.0        3.658
30           59           60                 40.00   6.7000E-01        0.000     120.0        0.000
31           66           67                 40.00   3.0700E-01        0.000     120.0        0.000
32           26           38                 50.00        1.072        0.000     120.0        3.048
33           22           26                 25.00   6.4900E-01        0.000     120.0        0.000
34           26           30                 25.00   3.2500E-01        0.000     120.0        1.524
35           21           22                 25.00   6.1700E-01        0.000     120.0        0.000
36           30           31                 50.00   8.6800E-01        0.000     120.0        1.524
37           42           47                 65.00   5.1300E-01        0.000     120.0        3.658
38           34           42                 65.00   4.0300E-01        0.000     120.0        1.829
39           45           47                 65.00   2.7000E-02        0.000     120.0        0.000
40           47           56                 65.00   6.6500E-01        0.000     120.0        4.572
41           55           56                 65.00        2.406        0.000     120.0        0.000
42           15           56                 65.00        3.312        0.000     120.0        0.000
43           40           55                 50.00   4.6100E-01        0.000     120.0        3.048

PIPE CONFIGURATION (이어짐)
==================
Pipe Label   Input Node   Output Node     Nom.Bore       Length    Elevation  C Factor Fitt.eq.lnth
                                        (milli.m.)     (metres)     (metres)               (metres)
---------------------------------------------------------------------------------------------------
44           39           40                 50.00   3.8700E-01        0.000     120.0        0.000
45           40           43                 50.00   4.5900E-01        0.000     120.0        3.048
46           40           48                 65.00   5.5300E-01        0.000     120.0        3.658
47           19           39                 50.00        2.501        0.000     120.0        3.048
48           19           20                 25.00   2.8000E-01        0.000     120.0        1.524
49           11           19                 25.00   6.9100E-01        0.000     120.0   9.1440E-01
50           16           20                 25.00   9.7300E-01        0.000     120.0   6.0960E-01
51           52           54                 65.00   7.2000E-02        0.000     120.0        0.000
52           51           52                 65.00        3.021        0.000     120.0        3.658
53           17           51                 25.00        3.047        0.000     120.0        0.000
54           50           51                 25.00   8.7000E-02        0.000     120.0        1.524
55           14           17                 25.00   7.8600E-01        0.000     120.0        0.000
56           33           43                 50.00        1.171        0.000     120.0        0.000
57           32           33                 50.00   1.0000E-02        0.000     120.0        0.000
58           29           50                 25.00        1.073        0.000     120.0        0.000
59           36           50                 25.00   8.8800E-01        0.000     120.0   6.0960E-01
60           23           29                 25.00   7.5400E-01        0.000     120.0   9.1440E-01
61           23           24                 25.00   1.2000E-02        0.000     120.0        0.000
62           12           15                 25.00   3.4100E-01        0.000     120.0   3.0480E-01
63           36           49                 25.00   3.4100E-01        0.000     120.0   3.0480E-01
64           46           49                 25.00   2.5000E-02        0.000     120.0        0.000
65           44           48                 65.00   2.5000E-02        0.000     120.0        0.000
66           34           35                 32.00   5.5800E-01        0.000     120.0        0.000
67           18           35                 25.00        2.288        0.000     120.0        0.000
68           35           53                 65.00   8.9900E-01        0.000     120.0        3.658
69           25           35                 25.00   8.7500E-01        0.000     120.0        0.000
70           13           18                 25.00   7.2000E-01        0.000     120.0        0.000
71           53           58                 65.00        1.168        0.000     120.0        0.000
72           57           58                 65.00   1.6000E-02        0.000     120.0        0.000
73           25           27                 25.00   7.9100E-01        0.000     120.0   9.1440E-01
74           27           28                 25.00   2.2000E-02        0.000     120.0        0.000
75           119          122                80.00        2.494        0.000     120.0        0.000
76           118          119                65.00   2.9800E-01        0.000     120.0        3.658
77           113          118                125.0   7.4900E-01        0.000     120.0        0.000
78           116          118                40.00   5.9100E-01        0.000     120.0        1.219
79           112          113                65.00        3.114        0.000     120.0        0.000
80           104          112                65.00        3.066        0.000     120.0        0.000
81           104          106                65.00        2.690        0.000     120.0        0.000
82           77           106                50.00        7.119        0.000     120.0        3.048
83           105          106                65.00   3.5000E-01        0.000     120.0        0.000
84           103          106                65.00   9.0500E-01        0.000     120.0        0.000
85           76           77                 40.00        2.132        0.000     120.0        0.000

PIPE CONFIGURATION (이어짐)
==================
Pipe Label   Input Node   Output Node     Nom.Bore       Length    Elevation  C Factor Fitt.eq.lnth
                                        (milli.m.)     (metres)     (metres)               (metres)
---------------------------------------------------------------------------------------------------
86           77           79                 50.00   2.3000E-01        0.000     120.0        3.048
87           74           77                 50.00   4.8300E-01        0.000     120.0        0.000
88           76           78                 40.00   7.3000E-02        0.000     120.0        0.000
89           78           81                 40.00   7.2800E-01        0.000     120.0        3.658
90           78           82                 40.00   6.8000E-01        0.000     120.0        2.438
91           81           83                 40.00   3.0700E-01        0.000     120.0        0.000
92           79           80                 50.00        1.721        0.000     120.0        0.000
93           75           80                 25.00   6.2300E-01        0.000     120.0        0.000
94           101          103                65.00   3.6000E-01        0.000     120.0        3.658
95           95           101                65.00        2.406        0.000     120.0        0.000
96           101          102                65.00        3.312        0.000     120.0        3.658
97           95           96                 65.00   4.6100E-01        0.000     120.0        0.000
98           91           96                 50.00   3.8700E-01        0.000     120.0        0.000
99           90           96                 50.00   4.5900E-01        0.000     120.0        0.000
100          96           98                 65.00   5.5300E-01        0.000     120.0        3.658
101          91           92                 50.00        2.501        0.000     120.0        0.000
102          89           92                 25.00   2.8000E-01        0.000     120.0        0.000
103          92           93                 25.00   6.6500E-01        0.000     120.0        2.438
104          88           89                 25.00   9.6700E-01        0.000     120.0   6.0960E-01
105          85           116                25.00        8.663        0.000     120.0        0.000
106          84           85                 80.00   5.0700E-01        0.000     120.0        2.134
107          72           84                 50.00        2.813        0.000     120.0        0.000
108          71           72                 40.00        4.636        0.000     120.0        0.000
109          64           71                 25.00   3.6500E-01        0.000     120.0   3.0480E-01
110          93           94                 25.00   2.6000E-02        0.000     120.0        0.000
111          62           70                 40.00   7.6100E-01        0.000     120.0        1.829
112          62           63                 40.00   1.8000E-02        0.000     120.0        0.000
113          65           73                 32.00   5.6900E-01        0.000     120.0        0.000
114          105          111                65.00        3.021        0.000     120.0        0.000
115          109          111                25.00        3.047        0.000     120.0        0.000
116          110          111                25.00        1.160        0.000     120.0        0.000
117          109          117                25.00   7.9500E-01        0.000     120.0        0.000
118          86           90                 50.00        1.171        0.000     120.0        0.000
119          86           87                 50.00   1.4000E-02        0.000     120.0        0.000
120          110          114                25.00   7.5400E-01        0.000     120.0   9.1440E-01
121          114          115                25.00   1.0000E-02        0.000     120.0        0.000
122          100          102                25.00   3.1600E-01        0.000     120.0   3.0480E-01
123          99           100                25.00   1.9000E-02        0.000     120.0        0.000
124          97           98                 65.00   5.7000E-02        0.000     120.0        0.000
M1/0         M1/0         M2/0               150.0        1.540        0.000     120.0        10.67
M2/0         M2/0         M3/0               150.0   3.0700E-01        0.000     120.0        0.000
M3/0         M3/0         M4/0               150.0        2.153        0.000     120.0        0.000

PIPE CONFIGURATION (이어짐)
==================
Pipe Label   Input Node   Output Node     Nom.Bore       Length    Elevation  C Factor Fitt.eq.lnth
                                        (milli.m.)     (metres)     (metres)               (metres)
---------------------------------------------------------------------------------------------------
M4/0         M4/0         M5/0               150.0   7.3400E-01        0.000     120.0        0.000
M5/0         M5/0         M6/0               150.0        1.598        0.000     120.0        0.000
M6/0         M6/0         M7/0               150.0        4.082        0.000     120.0        0.000
M7/0         M7/0         M8/0               150.0   7.5000E-01        0.000     120.0        0.000
M8/0         M8/0         M9/0               150.0        3.094        0.000     120.0        0.000
M9/0         M9/0         M10/0              150.0        1.069        0.000     120.0        0.000
M10/0        M10/0        M11/0              150.0        4.078        0.000     120.0        0.000
M11/0        M11/0        M12/0              150.0        4.530        0.000     120.0        0.000
M12/0        M12/0        M13/0              150.0        3.250        0.000     120.0        0.000
M13/0        M13/0        M14/0              150.0        1.989        0.000     120.0        0.000
M14/0        M14/0        M15/0              150.0        5.919        0.000     120.0        0.000
M15/0        M15/0        M16/0              150.0        1.376        0.000     120.0        0.000
M16/0        M16/0        M17/0              150.0   8.6600E-01        0.000     120.0        0.000
M17/0        M17/0        1                  150.0   4.9500E-01        0.000     120.0        0.000
R1/0         1            N2/0               150.0   1.5100E-01        0.000     120.0        0.000
R2/0         N2/0         N3/0               150.0   1.9500E-01  -1.9400E-01     120.0        0.000
R3/0         N3/0         N4/0               150.0   9.0100E-01        0.000     120.0        0.000
R4/0         N4/0         10                 150.0        53.19       -53.19     120.0        0.000

PIPE FITTINGS
==================
 Pipe        Number x Type  Equivalent Length
 Label                      (metres)
----------------------------------------------------------------------------------------------------
 10            1 x 9        2.134
 16            1 x 4        4.572
 19            1 x 4        3.658
 20            1 x 4        3.658
 21            1 x 4        2.438
 22            1 x 4        1.829
 23            1 x 4        3.658
 24            1 x 4        3.658
 25            1 x 4        3.658
 26            1 x 4        3.048
 27            1 x 4        3.048
 28            1 x 4        2.438
 29            1 x 2        1.219     1 x 4        2.438
 32            1 x 4        3.048
 34            1 x 4        1.524
 36            1 x 2        1.524
 37            1 x 4        3.658
 38            1 x 2        1.829

PIPE FITTINGS (이어짐)
==================
 Pipe        Number x Type  Equivalent Length
 Label                      (metres)
----------------------------------------------------------------------------------------------------
 40            1 x 1   9.1440E-01     1 x 4        3.658
 43            1 x 4        3.048
 45            1 x 4        3.048
 46            1 x 4        3.658
 47            1 x 4        3.048
 48            1 x 4        1.524
 49            1 x 1   3.0480E-01     1 x 2   6.0960E-01
 50            1 x 2   6.0960E-01
 52            1 x 4        3.658
 54            1 x 4        1.524
 59            1 x 2   6.0960E-01
 60            1 x 1   3.0480E-01     1 x 2   6.0960E-01
 62            1 x 1   3.0480E-01
 63            1 x 1   3.0480E-01
 68            1 x 4        3.658
 73            1 x 1   3.0480E-01     1 x 2   6.0960E-01
 76            1 x 4        3.658
 78            1 x 2        1.219
 82            1 x 4        3.048
 86            1 x 4        3.048
 89            1 x 2        1.219     1 x 4        2.438
 90            1 x 4        2.438
 94            1 x 4        3.658
 96            1 x 4        3.658
 100           1 x 4        3.658
 103           1 x 1   3.0480E-01     1 x 2   6.0960E-01     1 x 4        1.524
 104           1 x 2   6.0960E-01
 106           1 x 2        2.134
 109           1 x 1   3.0480E-01
 111           1 x 1   6.0960E-01     1 x 2        1.219
 120           1 x 1   3.0480E-01     1 x 2   6.0960E-01
 122           1 x 1   3.0480E-01
 M1/0          1 x 5   9.1440E-01     1 x 6        9.754

NOZZLE CONFIGURATION
====================
Nozzle Label  Input Node   Nozzle Type     K-Factor      Req Flow      Min Press      Max Press
                                                        (lit/min)     (kg/cm2 G)     (kg/cm2 G)
-----------------------------------------------------------------------------------------------
1             66           INDOOR HYDRANT     80.0000       79.9998    0.20332E+01    0.13033E+02
2             59           INDOOR HYDRANT     80.0000       79.9998    0.20332E+01    0.13033E+02
3             21           INDOOR HYDRANT     80.0000       79.9998    0.20332E+01    0.13033E+02

NOZZLE CONFIGURATION (이어짐)
====================
Nozzle Label  Input Node   Nozzle Type     K-Factor      Req Flow      Min Press      Max Press
                                                        (lit/min)     (kg/cm2 G)     (kg/cm2 G)
-----------------------------------------------------------------------------------------------
4             31           INDOOR HYDRANT     80.0000       79.9998    0.20332E+01    0.13033E+02
5             16           INDOOR HYDRANT     80.0000       79.9998    0.20332E+01    0.13033E+02
6             11           INDOOR HYDRANT     80.0000       79.9998    0.20332E+01    0.13033E+02
7             14           INDOOR HYDRANT     80.0000       79.9998    0.20332E+01    0.13033E+02
8             32           INDOOR HYDRANT     80.0000       79.9998    0.20332E+01    0.13033E+02
9             24           INDOOR HYDRANT     80.0000       79.9998    0.20332E+01    0.13033E+02
10            12           INDOOR HYDRANT     80.0000       79.9998    0.20332E+01    0.13033E+02
11            46           INDOOR HYDRANT     80.0000       79.9998    0.20332E+01    0.13033E+02
12            44           INDOOR HYDRANT     80.0000       79.9998    0.20332E+01    0.13033E+02
13            13           INDOOR HYDRANT     80.0000       79.9998    0.20332E+01    0.13033E+02
14            57           INDOOR HYDRANT     80.0000       79.9998    0.20332E+01    0.13033E+02
15            28           INDOOR HYDRANT     80.0000       79.9998    0.20332E+01    0.13033E+02
16            83           INDOOR HYDRANT     80.0000       79.9998    0.20332E+01    0.13033E+02
17            82           INDOOR HYDRANT     80.0000       79.9998    0.20332E+01    0.13033E+02
18            75           INDOOR HYDRANT     80.0000       79.9998    0.20332E+01    0.13033E+02
19            45           INDOOR HYDRANT     80.0000       79.9998    0.20332E+01    0.13033E+02
20            88           INDOOR HYDRANT     80.0000       79.9998    0.20332E+01    0.13033E+02
21            64           INDOOR HYDRANT     80.0000       79.9998    0.20332E+01    0.13033E+02
22            94           INDOOR HYDRANT     80.0000       79.9998    0.20332E+01    0.13033E+02
23            63           INDOOR HYDRANT     80.0000       79.9998    0.20332E+01    0.13033E+02
24            65           INDOOR HYDRANT     80.0000       79.9998    0.20332E+01    0.13033E+02
25            74           INDOOR HYDRANT     80.0000       79.9998    0.20332E+01    0.13033E+02
26            117          INDOOR HYDRANT     80.0000       79.9998    0.20332E+01    0.13033E+02
27            87           INDOOR HYDRANT     80.0000       79.9998    0.20332E+01    0.13033E+02
28            115          INDOOR HYDRANT     80.0000       79.9998    0.20332E+01    0.13033E+02
29            99           INDOOR HYDRANT     80.0000       79.9998    0.20332E+01    0.13033E+02
30            97           INDOOR HYDRANT     80.0000       79.9998    0.20332E+01    0.13033E+02

SPECIAL EQUIPMENT
==================
Equipment Label  Pipe Label    Equivalent Length Description
                                        (metres)
------------------------------------------------------------
1                10                  0.12900E+02 A/V
2                61                  0.15620E+02 FX
3                74                  0.15620E+02 FX
4                64                  0.15620E+02 FX
5                62                  0.15620E+02 FX
6                30                  0.15620E+02 FX
7                36                  0.15620E+02 FX
8                57                  0.15620E+02 FX
9                49                  0.15620E+02 FX

SPECIAL EQUIPMENT (이어짐)
==================
Equipment Label  Pipe Label    Equivalent Length Description
                                        (metres)
------------------------------------------------------------
10               31                  0.15620E+02 FX
11               109                 0.15620E+02 FX
12               112                 0.15620E+02 FX
13               121                 0.15620E+02 FX
14               123                 0.15620E+02 FX
15               90                  0.15620E+02 FX
16               87                  0.15620E+02 FX
17               119                 0.15620E+02 FX
18               110                 0.15620E+02 FX
19               91                  0.15620E+02 FX
20               72                  0.15620E+02 FX
21               39                  0.15620E+02 FX
22               65                  0.15620E+02 FX
23               124                 0.15620E+02 FX
24               35                  0.15620E+02 FX
25               50                  0.15620E+02 FX
26               55                  0.15620E+02 FX
27               70                  0.15620E+02 FX
28               93                  0.15620E+02 FX
29               104                 0.15620E+02 FX
30               113                 0.15620E+02 FX
31               117                 0.15620E+02 FX

DESIGNED DIAMETERS & FLOWRATES
==============================
Pipe Label   Input Node   Output Node       Flowrate Pipe Type      Act. Bore   Nom. Size
                                           (lit/min)               (milli.m.)  (milli.m.)
-----------------------------------------------------------------------------------------
10           10           125              2286.1178 KSD 3507         69.0000     65.0000
11           123          125             -2286.1178 KSD 3507         69.0000     65.0000
12           123          124              2286.1178 KSD 3507         81.0000     80.0000
13           120          124             -2286.1178 KSD 3507        130.1000    125.0000
14           120          121              2286.1178 KSD 3507         81.0000     80.0000
15           107          121             -1243.9596 KSD 3507        130.1000    125.0000
16           121          122              1042.1582 KSD 3507         81.0000     80.0000
17           107          108              1243.9596 KSD 3507         81.0000     80.0000
18           69           108             -1243.9595 KSD 3507         69.0000     65.0000
19           68           69              -1243.9595 KSD 3507         69.0000     65.0000
20           41           68              -1074.0712 KSD 3507         69.0000     65.0000
21           68           70                 86.1802 KSD 3507         42.1000     40.0000
22           68           73                 83.7081 KSD 3507         36.2000     32.0000
23           37           41               -286.1818 KSD 3507         69.0000     65.0000

DESIGNED DIAMETERS & FLOWRATES (이어짐)
==============================
Pipe Label   Input Node   Output Node       Flowrate Pipe Type      Act. Bore   Nom. Size
                                           (lit/min)               (milli.m.)  (milli.m.)
-----------------------------------------------------------------------------------------
24           41           42                603.5061 KSD 3507         69.0000     65.0000
25           41           54                184.3833 KSD 3507         69.0000     65.0000
26           37           61                148.1522 KSD 3507         53.2000     50.0000
27           37           38                138.0296 KSD 3507         53.2000     50.0000
28           60           61               -148.1522 KSD 3507         42.1000     40.0000
29           60           67                 73.8216 KSD 3507         42.1000     40.0000
30           59           60                -74.3305 KSD 3507         42.1000     40.0000
31           66           67                -73.8216 KSD 3507         42.1000     40.0000
32           26           38               -138.0296 KSD 3507         53.2000     50.0000
33           22           26                -63.2827 KSD 3507         27.5000     25.0000
34           26           30                 74.7469 KSD 3507         27.5000     25.0000
35           21           22                -63.2827 KSD 3507         27.5000     25.0000
36           30           31                 74.7469 KSD 3507         53.2000     50.0000
37           42           47                403.5782 KSD 3507         69.0000     65.0000
38           34           42               -199.9279 KSD 3507         69.0000     65.0000
39           45           47                -76.5393 KSD 3507         69.0000     65.0000
40           47           56                327.0389 KSD 3507         69.0000     65.0000
41           55           56               -264.8066 KSD 3507         69.0000     65.0000
42           15           56                -62.2323 KSD 3507         69.0000     65.0000
43           40           55               -264.8065 KSD 3507         53.2000     50.0000
44           39           40               -118.1138 KSD 3507         53.2000     50.0000
45           40           43                 73.0373 KSD 3507         53.2000     50.0000
46           40           48                 73.6554 KSD 3507         69.0000     65.0000
47           19           39               -118.1138 KSD 3507         53.2000     50.0000
48           19           20                 58.5345 KSD 3507         27.5000     25.0000
49           11           19                -59.5793 KSD 3507         27.5000     25.0000
50           16           20                -58.5345 KSD 3507         27.5000     25.0000
51           52           54               -184.3833 KSD 3507         69.0000     65.0000
52           51           52               -184.3833 KSD 3507         69.0000     65.0000
53           17           51                -63.1597 KSD 3507         27.5000     25.0000
54           50           51               -121.2236 KSD 3507         27.5000     25.0000
55           14           17                -63.1597 KSD 3507         27.5000     25.0000
56           33           43                -73.0373 KSD 3507         53.2000     50.0000
57           32           33                -73.0373 KSD 3507         53.2000     50.0000
58           29           50                -60.4361 KSD 3507         27.5000     25.0000
59           36           50                -60.7876 KSD 3507         27.5000     25.0000
60           23           29                -60.4361 KSD 3507         27.5000     25.0000
61           23           24                 60.4361 KSD 3507         27.5000     25.0000
62           12           15                -62.2323 KSD 3507         27.5000     25.0000
63           36           49                 60.7876 KSD 3507         27.5000     25.0000
64           46           49                -60.7876 KSD 3507         27.5000     25.0000
65           44           48                -73.6554 KSD 3507         69.0000     65.0000

DESIGNED DIAMETERS & FLOWRATES (이어짐)
==============================
Pipe Label   Input Node   Output Node       Flowrate Pipe Type      Act. Bore   Nom. Size
                                           (lit/min)               (milli.m.)  (milli.m.)
-----------------------------------------------------------------------------------------
66           34           35                199.9279 KSD 3507         36.2000     32.0000
67           18           35                -61.6009 KSD 3507         27.5000     25.0000
68           35           53                 76.4798 KSD 3507         69.0000     65.0000
69           25           35                -61.8471 KSD 3507         27.5000     25.0000
70           13           18                -61.6009 KSD 3507         27.5000     25.0000
71           53           58                 76.4798 KSD 3507         69.0000     65.0000
72           57           58                -76.4798 KSD 3507         69.0000     65.0000
73           25           27                 61.8471 KSD 3507         27.5000     25.0000
74           27           28                 61.8471 KSD 3507         27.5000     25.0000
75           119          122             -1042.1582 KSD 3507         81.0000     80.0000
76           118          119             -1042.1582 KSD 3507         69.0000     65.0000
77           113          118              -958.7758 KSD 3507        130.1000    125.0000
78           116          118               -83.3824 KSD 3507         42.1000     40.0000
79           112          113              -958.7757 KSD 3507         69.0000     65.0000
80           104          112              -958.7757 KSD 3507         69.0000     65.0000
81           104          106               958.7757 KSD 3507         69.0000     65.0000
82           77           106              -354.6123 KSD 3507         53.2000     50.0000
83           105          106              -162.8552 KSD 3507         69.0000     65.0000
84           103          106              -441.3082 KSD 3507         69.0000     65.0000
85           76           77               -181.7835 KSD 3507         42.1000     40.0000
86           77           79                 78.4928 KSD 3507         53.2000     50.0000
87           74           77                -94.3360 KSD 3507         53.2000     50.0000
88           76           78                181.7835 KSD 3507         42.1000     40.0000
89           78           81                 90.7734 KSD 3507         42.1000     40.0000
90           78           82                 91.0101 KSD 3507         42.1000     40.0000
91           81           83                 90.7734 KSD 3507         42.1000     40.0000
92           79           80                 78.4928 KSD 3507         53.2000     50.0000
93           75           80                -78.4928 KSD 3507         27.5000     25.0000
94           101          103              -441.3082 KSD 3507         69.0000     65.0000
95           95           101              -358.6868 KSD 3507         69.0000     65.0000
96           101          102                82.6214 KSD 3507         69.0000     65.0000
97           95           96                358.6868 KSD 3507         69.0000     65.0000
98           91           96               -160.9634 KSD 3507         53.2000     50.0000
99           90           96                -98.5452 KSD 3507         53.2000     50.0000
100          96           98                 99.1781 KSD 3507         69.0000     65.0000
101          91           92                160.9634 KSD 3507         53.2000     50.0000
102          89           92                -80.9757 KSD 3507         27.5000     25.0000
103          92           93                 79.9878 KSD 3507         27.5000     25.0000
104          88           89                -80.9757 KSD 3507         27.5000     25.0000
105          85           116               -83.3824 KSD 3507         27.5000     25.0000
106          84           85                -83.3824 KSD 3507         81.0000     80.0000
107          72           84                -83.3824 KSD 3507         53.2000     50.0000

DESIGNED DIAMETERS & FLOWRATES (이어짐)
==============================
Pipe Label   Input Node   Output Node       Flowrate Pipe Type      Act. Bore   Nom. Size
                                           (lit/min)               (milli.m.)  (milli.m.)
-----------------------------------------------------------------------------------------
108          71           72                -83.3824 KSD 3507         42.1000     40.0000
109          64           71                -83.3824 KSD 3507         27.5000     25.0000
110          93           94                 79.9878 KSD 3507         27.5000     25.0000
111          62           70                -86.1802 KSD 3507         42.1000     40.0000
112          62           63                 86.1802 KSD 3507         42.1000     40.0000
113          65           73                -83.7081 KSD 3507         36.2000     32.0000
114          105          111               162.8552 KSD 3507         69.0000     65.0000
115          109          111               -81.0399 KSD 3507         27.5000     25.0000
116          110          111               -81.8154 KSD 3507         27.5000     25.0000
117          109          117                81.0399 KSD 3507         27.5000     25.0000
118          86           90                -98.5452 KSD 3507         53.2000     50.0000
119          86           87                 98.5452 KSD 3507         53.2000     50.0000
120          110          114                81.8154 KSD 3507         27.5000     25.0000
121          114          115                81.8154 KSD 3507         27.5000     25.0000
122          100          102               -82.6214 KSD 3507         27.5000     25.0000
123          99           100               -82.6214 KSD 3507         27.5000     25.0000
124          97           98                -99.1781 KSD 3507         69.0000     65.0000
M1/0         M1/0         M2/0             2286.1178 KSD 3507        155.5000    150.0000
M2/0         M2/0         M3/0             2286.1178 KSD 3507        155.5000    150.0000
M3/0         M3/0         M4/0             2286.1178 KSD 3507        155.5000    150.0000
M4/0         M4/0         M5/0             2286.1178 KSD 3507        155.5000    150.0000
M5/0         M5/0         M6/0             2286.1178 KSD 3507        155.5000    150.0000
M6/0         M6/0         M7/0             2286.1178 KSD 3507        155.5000    150.0000
M7/0         M7/0         M8/0             2286.1178 KSD 3507        155.5000    150.0000
M8/0         M8/0         M9/0             2286.1178 KSD 3507        155.5000    150.0000
M9/0         M9/0         M10/0            2286.1178 KSD 3507        155.5000    150.0000
M10/0        M10/0        M11/0            2286.1178 KSD 3507        155.5000    150.0000
M11/0        M11/0        M12/0            2286.1178 KSD 3507        155.5000    150.0000
M12/0        M12/0        M13/0            2286.1178 KSD 3507        155.5000    150.0000
M13/0        M13/0        M14/0            2286.1178 KSD 3507        155.5000    150.0000
M14/0        M14/0        M15/0            2286.1178 KSD 3507        155.5000    150.0000
M15/0        M15/0        M16/0            2286.1178 KSD 3507        155.5000    150.0000
M16/0        M16/0        M17/0            2286.1178 KSD 3507        155.5000    150.0000
M17/0        M17/0        1                2286.1178 KSD 3507        155.5000    150.0000
R1/0         1            N2/0             2286.1178 KSD 3507        155.5000    150.0000
R2/0         N2/0         N3/0             2286.1178 KSD 3507        155.5000    150.0000
R3/0         N3/0         N4/0             2286.1178 KSD 3507        155.5000    150.0000
R4/0         N4/0         10               2286.1178 KSD 3507        155.5000    150.0000
  Act. Bore 는 재질별 규격표에서 호칭경으로 찾은 값이다.


FLOW IN PIPES
==================
Pipe Label   Input Node   Output Node    Nom.Bore   Inlet Pr.  Outlet Pr. Drop in Pr. Frict. Loss    Flowrate    Velocity
                                       (milli.m.)  (kg/cm2 G)  (kg/cm2 G)    (kg/cm2)    (kg/cm2)   (lit/min)     (m/sec)
-------------------------------------------------------------------------------------------------------------------------
10           10           125               65.00       5.015       2.612       2.403       2.403        2286       10.19 E
11           123          125               65.00       2.446       2.612 -1.6519E-01  1.6519E-01       -2286      -10.19 E
12           123          124               80.00       2.446       2.301  1.4489E-01  1.4489E-01        2286       7.394
13           120          124              125.00       2.256       2.301 -4.5454E-02  4.5454E-02       -2286      -2.866
14           120          121               80.00       2.256       2.158  9.8398E-02  9.8398E-02        2286       7.394
15           107          121              125.00       2.147       2.158 -1.0921E-02  1.0921E-02       -1244      -1.560
16           121          122               80.00       2.158       2.074  8.3622E-02  8.3622E-02        1042       3.371
17           107          108               80.00       2.147       2.118  2.8302E-02  2.8302E-02        1244       4.023
18           69           108               65.00       1.596       2.118 -5.2225E-01  5.2225E-01       -1244      -5.545
19           68           69                65.00       1.248       1.596 -3.4801E-01  3.4801E-01       -1244      -5.545
20           41           68                65.00  9.9777E-01       1.248 -2.5038E-01  2.5038E-01       -1074      -4.787
21           68           70                40.00       1.248       1.235  1.2695E-02  1.2695E-02       86.18       1.032
22           68           73                32.00       1.248       1.226  2.1654E-02  2.1654E-02       83.71       1.355
23           37           41                65.00  9.6096E-01  9.9777E-01 -3.6807E-02  3.6807E-02      -286.2      -1.276
24           41           42                65.00  9.9777E-01  9.4691E-01  5.0853E-02  5.0853E-02       603.5       2.690
25           41           54                65.00  9.9777E-01  9.9159E-01  6.1744E-03  6.1744E-03       184.4  8.2183E-01
26           37           61                50.00  9.6096E-01  9.4239E-01  1.8574E-02  1.8574E-02       148.2       1.111
27           37           38                50.00  9.6096E-01  9.5065E-01  1.0309E-02  1.0309E-02       138.0       1.035
28           60           61                40.00  9.1425E-01  9.4239E-01 -2.8139E-02  2.8139E-02      -148.2      -1.774
29           60           67                40.00  9.1425E-01  9.0070E-01  1.3547E-02  1.3547E-02       73.82  8.8385E-01
30           59           60                40.00  8.6329E-01  9.1425E-01 -5.0960E-02  5.0960E-02      -74.33 -8.8994E-01
31           66           67                40.00  8.5150E-01  9.0070E-01 -4.9196E-02  4.9196E-02      -73.82 -8.8385E-01
32           26           38                50.00  9.3770E-01  9.5065E-01 -1.2955E-02  1.2955E-02      -138.0      -1.035
33           22           26                25.00  9.2570E-01  9.3770E-01 -1.1992E-02  1.1992E-02      -63.28      -1.776
34           26           30                25.00  9.3770E-01  8.9120E-01  4.6499E-02  4.6499E-02       74.75       2.097
35           21           22                25.00  6.2573E-01  9.2570E-01 -2.9997E-01  2.9997E-01      -63.28      -1.776
36           30           31                50.00  8.9120E-01  8.7298E-01  1.8212E-02  1.8212E-02       74.75  5.6044E-01
37           42           47                65.00  9.4691E-01  9.2001E-01  2.6900E-02  2.6900E-02       403.6       1.799
38           34           42                65.00  9.4299E-01  9.4691E-01 -3.9259E-03  3.9259E-03      -199.9 -8.9112E-01
39           45           47                65.00  9.1535E-01  9.2001E-01 -4.6601E-03  4.6601E-03      -76.54 -3.4115E-01
40           47           56                65.00  9.2001E-01  8.9712E-01  2.2893E-02  2.2893E-02       327.0       1.458
41           55           56                65.00  8.9001E-01  8.9712E-01 -7.1125E-03  7.1125E-03      -264.8      -1.180
42           15           56                65.00  8.9645E-01  8.9712E-01 -6.6791E-04  6.6791E-04      -62.23 -2.7738E-01
43           40           55                50.00  8.5318E-01  8.9001E-01 -3.6827E-02  3.6827E-02      -264.8      -1.986
44           39           40                50.00  8.5227E-01  8.5318E-01 -9.1265E-04  9.1265E-04      -118.1 -8.8560E-01
45           40           43                50.00  8.5318E-01  8.4979E-01  3.3957E-03  3.3957E-03       73.04  5.4762E-01
46           40           48                65.00  8.5318E-01  8.5201E-01  1.1676E-03  1.1676E-03       73.66  3.2830E-01
47           19           39                50.00  8.3920E-01  8.5227E-01 -1.3073E-02  1.3073E-02      -118.1 -8.8560E-01
48           19           20                25.00  8.3920E-01  8.1036E-01  2.8838E-02  2.8838E-02       58.53       1.643
49           11           19                25.00  5.5464E-01  8.3920E-01 -2.8456E-01  2.8456E-01      -59.58      -1.672
50           16           20                25.00  5.3536E-01  8.1036E-01 -2.7500E-01  2.7500E-01      -58.53      -1.643
51           52           54                65.00  9.9149E-01  9.9159E-01 -1.0707E-04  1.0707E-04      -184.4 -8.2183E-01

FLOW IN PIPES (이어짐)
==================
Pipe Label   Input Node   Output Node    Nom.Bore   Inlet Pr.  Outlet Pr. Drop in Pr. Frict. Loss    Flowrate    Velocity
                                       (milli.m.)  (kg/cm2 G)  (kg/cm2 G)    (kg/cm2)    (kg/cm2)   (lit/min)     (m/sec)
-------------------------------------------------------------------------------------------------------------------------
52           51           52                65.00  9.8137E-01  9.9149E-01 -1.0110E-02  1.0110E-02      -184.4 -8.2183E-01
53           17           51                25.00  9.2529E-01  9.8137E-01 -5.6084E-02  5.6084E-02      -63.16      -1.772
54           50           51                25.00  8.8234E-01  9.8137E-01 -9.9035E-02  9.9035E-02      -121.2      -3.402
55           14           17                25.00  6.2331E-01  9.2529E-01 -3.0198E-01  3.0198E-01      -63.16      -1.772
56           33           43                50.00  8.4865E-01  8.4979E-01 -1.1370E-03  1.1370E-03      -73.04 -5.4762E-01
57           32           33                50.00  8.3351E-01  8.4865E-01 -1.5143E-02  1.5143E-02      -73.04 -5.4762E-01
58           29           50                25.00  8.6414E-01  8.8234E-01 -1.8202E-02  1.8202E-02      -60.44      -1.696
59           36           50                25.00  8.5666E-01  8.8234E-01 -2.5676E-02  2.5676E-02      -60.79      -1.706
60           23           29                25.00  8.3584E-01  8.6414E-01 -2.8297E-02  2.8297E-02      -60.44      -1.696
61           23           24                25.00  8.3584E-01  5.7070E-01  2.6514E-01  2.6514E-01       60.44       1.696
62           12           15                25.00  6.0514E-01  8.9645E-01 -2.9132E-01  2.9132E-01      -62.23      -1.746
63           36           49                25.00  8.5666E-01  8.4559E-01  1.1074E-02  1.1074E-02       60.79       1.706
64           46           49                25.00  5.7736E-01  8.4559E-01 -2.6823E-01  2.6823E-01      -60.79      -1.706
65           44           48                65.00  8.4767E-01  8.5201E-01 -4.3389E-03  4.3389E-03      -73.66 -3.2830E-01
66           34           35                32.00  9.4299E-01  9.2028E-01  2.2704E-02  2.2704E-02       199.9       3.237
67           18           35                25.00  8.8007E-01  9.2028E-01 -4.0213E-02  4.0213E-02      -61.60      -1.728
68           35           53                65.00  9.2028E-01  9.1893E-01  1.3562E-03  1.3562E-03       76.48  3.4088E-01
69           25           35                25.00  9.0479E-01  9.2028E-01 -1.5495E-02  1.5495E-02      -61.85      -1.736
70           13           18                25.00  5.9292E-01  8.8007E-01 -2.8715E-01  2.8715E-01      -61.60      -1.728
71           53           58                65.00  9.1893E-01  9.1858E-01  3.4670E-04  3.4670E-04       76.48  3.4088E-01
72           57           58                65.00  9.1393E-01  9.1858E-01 -4.6499E-03  4.6499E-03      -76.48 -3.4088E-01
73           25           27                25.00  9.0479E-01  8.7460E-01  3.0189E-02  3.0189E-02       61.85       1.736
74           27           28                25.00  8.7460E-01  5.9767E-01  2.7693E-01  2.7693E-01       61.85       1.736
75           119          122               80.00       2.031       2.074 -4.2639E-02  4.2639E-02       -1042      -3.371
76           118          119               65.00       1.884       2.031 -1.4766E-01  1.4766E-01       -1042      -4.645
77           113          118              125.00       1.883       1.884 -1.0911E-03  1.0911E-03      -958.8      -1.202
78           116          118               40.00       1.877       1.884 -7.0105E-03  7.0105E-03      -83.38 -9.9832E-01
79           112          113               65.00       1.783       1.883 -9.9626E-02  9.9626E-02      -958.8      -4.273
80           104          112               65.00       1.685       1.783 -9.8092E-02  9.8092E-02      -958.8      -4.273
81           104          106               65.00       1.685       1.599  8.6059E-02  8.6059E-02       958.8       4.273
82           77           106               50.00       1.416       1.599 -1.8328E-01  1.8328E-01      -354.6      -2.659
83           105          106               65.00       1.598       1.599 -4.2318E-04  4.2318E-04      -162.9 -7.2588E-01
84           103          106               65.00       1.592       1.599 -6.8933E-03  6.8933E-03      -441.3      -1.967
85           76           77                40.00       1.381       1.416 -3.4895E-02  3.4895E-02      -181.8      -2.176
86           77           79                50.00       1.416       1.412  3.6302E-03  3.6302E-03       78.49  5.8853E-01
87           74           77                50.00       1.391       1.416 -2.5054E-02  2.5054E-02      -94.34 -7.0731E-01
88           76           78                40.00       1.381       1.379  1.1931E-03  1.1931E-03       181.8       2.176
89           78           81                40.00       1.379       1.360  1.9864E-02  1.9864E-02       90.77       1.087
90           78           82                40.00       1.379       1.294  8.5284E-02  8.5284E-02       91.01       1.090
91           81           83                40.00       1.360       1.288  7.2145E-02  7.2145E-02       90.77       1.087
92           79           80                50.00       1.412       1.410  1.9018E-03  1.9018E-03       78.49  5.8853E-01
93           75           80                25.00  9.6267E-01       1.410 -4.4736E-01  4.4736E-01      -78.49      -2.203

FLOW IN PIPES (이어짐)
==================
Pipe Label   Input Node   Output Node    Nom.Bore   Inlet Pr.  Outlet Pr. Drop in Pr. Frict. Loss    Flowrate    Velocity
                                       (milli.m.)  (kg/cm2 G)  (kg/cm2 G)    (kg/cm2)    (kg/cm2)   (lit/min)     (m/sec)
-------------------------------------------------------------------------------------------------------------------------
94           101          103               65.00       1.561       1.592 -3.0591E-02  3.0591E-02      -441.3      -1.967
95           95           101               65.00       1.549       1.561 -1.2481E-02  1.2481E-02      -358.7      -1.599
96           101          102               65.00       1.561       1.559  2.3912E-03  2.3912E-03       82.62  3.6826E-01
97           95           96                65.00       1.549       1.546  2.3912E-03  2.3912E-03       358.7       1.599
98           91           96                50.00       1.545       1.546 -1.6213E-03  1.6213E-03      -161.0      -1.207
99           90           96                50.00       1.546       1.546 -7.7498E-04  7.7498E-04      -98.55 -7.3888E-01
100          96           98                65.00       1.546       1.544  2.0292E-03  2.0292E-03       99.18  4.4206E-01
101          91           92                50.00       1.545       1.534  1.0457E-02  1.0457E-02       161.0       1.207
102          89           92                25.00       1.526       1.534 -8.1679E-03  8.1679E-03      -80.98      -2.272
103          92           93                25.00       1.534       1.446  8.8506E-02  8.8506E-02       79.99       2.244
104          88           89                25.00       1.024       1.526 -5.0171E-01  5.0171E-01      -80.98      -2.272
105          85           116               25.00       1.610       1.877 -2.6680E-01  2.6680E-01      -83.38      -2.340
106          84           85                80.00       1.609       1.610 -4.2318E-04  4.2318E-04      -83.38 -2.6969E-01
107          72           84                50.00       1.606       1.609 -3.4823E-03  3.4823E-03      -83.38 -6.2519E-01
108          71           72                40.00       1.588       1.606 -1.7947E-02  1.7947E-02      -83.38 -9.9832E-01
109          64           71                25.00       1.086       1.588 -5.0170E-01  5.0170E-01      -83.38      -2.340
110          93           94                25.00       1.446  9.9969E-01  4.4621E-01  4.4621E-01       79.99       2.244
111          62           70                40.00       1.225       1.235 -1.0651E-02  1.0651E-02      -86.18      -1.032
112          62           63                40.00       1.225       1.161  6.4324E-02  6.4324E-02       86.18       1.032
113          65           73                32.00       1.095       1.226 -1.3164E-01  1.3164E-01      -83.71      -1.355
114          105          111               65.00       1.598       1.595  3.6353E-03  3.6353E-03       162.9  7.2588E-01
115          109          111               25.00       1.506       1.595 -8.9026E-02  8.9026E-02      -81.04      -2.274
116          110          111               25.00       1.560       1.595 -3.4497E-02  3.4497E-02      -81.81      -2.296
117          109          117               25.00       1.506       1.026  4.7960E-01  4.7960E-01       81.04       2.274
118          86           90                50.00       1.544       1.546 -1.9782E-03  1.9782E-03      -98.55 -7.3888E-01
119          86           87                50.00       1.544       1.517  2.6370E-02  2.6370E-02       98.55  7.3888E-01
120          110          114               25.00       1.560       1.511  4.9609E-02  4.9609E-02       81.81       2.296
121          114          115               25.00       1.511       1.046  4.6479E-01  4.6479E-01       81.81       2.296
122          100          102               25.00       1.540       1.559 -1.8798E-02  1.8798E-02      -82.62      -2.318
123          99           100               25.00       1.067       1.540 -4.7357E-01  4.7357E-01      -82.62      -2.318
124          97           98                65.00       1.537       1.544 -7.5408E-03  7.5408E-03      -99.18 -4.4206E-01
M1/0         M1/0         M2/0             150.00       0.000 -3.7255E-02  3.7255E-02  3.7255E-02        2286       2.006
M2/0         M2/0         M3/0             150.00 -3.7255E-02 -3.8188E-02  9.3304E-04  9.3304E-04        2286       2.006
M3/0         M3/0         M4/0             150.00 -3.8188E-02 -4.4760E-02  6.5721E-03  6.5721E-03        2286       2.006
M4/0         M4/0         M5/0             150.00 -4.4760E-02 -4.6999E-02  2.2383E-03  2.2383E-03        2286       2.006
M5/0         M5/0         M6/0             150.00 -4.6999E-02 -5.1878E-02  4.8793E-03  4.8793E-03        2286       2.006
M6/0         M6/0         M7/0             150.00 -5.1878E-02 -6.4334E-02  1.2456E-02  1.2456E-02        2286       2.006
M7/0         M7/0         M8/0             150.00 -6.4334E-02 -6.6623E-02  2.2893E-03  2.2893E-03        2286       2.006
M8/0         M8/0         M9/0             150.00 -6.6623E-02 -7.6066E-02  9.4426E-03  9.4426E-03        2286       2.006
M9/0         M9/0         M10/0            150.00 -7.6066E-02 -7.9324E-02  3.2580E-03  3.2580E-03        2286       2.006
M10/0        M10/0        M11/0            150.00 -7.9324E-02 -9.1769E-02  1.2446E-02  1.2446E-02        2286       2.006
M11/0        M11/0        M12/0            150.00 -9.1769E-02 -1.0559E-01  1.3822E-02  1.3822E-02        2286       2.006

FLOW IN PIPES (이어짐)
==================
Pipe Label   Input Node   Output Node    Nom.Bore   Inlet Pr.  Outlet Pr. Drop in Pr. Frict. Loss    Flowrate    Velocity
                                       (milli.m.)  (kg/cm2 G)  (kg/cm2 G)    (kg/cm2)    (kg/cm2)   (lit/min)     (m/sec)
-------------------------------------------------------------------------------------------------------------------------
M12/0        M12/0        M13/0            150.00 -1.0559E-01 -1.1551E-01  9.9218E-03  9.9218E-03        2286       2.006
M13/0        M13/0        M14/0            150.00 -1.1551E-01 -1.2158E-01  6.0673E-03  6.0673E-03        2286       2.006
M14/0        M14/0        M15/0            150.00 -1.2158E-01 -1.3965E-01  1.8064E-02  1.8064E-02        2286       2.006
M15/0        M15/0        M16/0            150.00 -1.3965E-01 -1.4384E-01  4.1961E-03  4.1961E-03        2286       2.006
M16/0        M16/0        M17/0            150.00 -1.4384E-01 -1.4649E-01  2.6462E-03  2.6462E-03        2286       2.006
M17/0        M17/0        1                150.00 -1.4649E-01 -1.4800E-01  1.5092E-03  1.5092E-03        2286       2.006
R1/0         1            N2/0             150.00 -1.4800E-01 -1.4846E-01  4.5887E-04  4.5887E-04        2286       2.006
R2/0         N2/0         N3/0             150.00 -1.4846E-01 -1.2969E-01 -1.8768E-02  5.9720E-04        2286       2.006
R3/0         N3/0         N4/0             150.00 -1.2969E-01 -1.3244E-01  2.7481E-03  2.7481E-03        2286       2.006
R4/0         N4/0         10               150.00 -1.3244E-01       5.015      -5.147  1.6231E-01        2286       2.006
  Drop in Pr. 는 Inlet Pr. 에서 Outlet Pr. 을 뺀 값이다.
  끝의 E 는 규격표의 최대유속을 넘은 관로를 가리킨다.

FLOW THROUGH NOZZLES
====================
Nozzle Label  Input Label      Inlet Press     Req. Flow      Flowrate  % Deviation
                                (kg/cm2 G)     (lit/min)     (lit/min)
-----------------------------------------------------------------------------------
1             66               0.85150E+00       79.9998       73.8216        -7.72 L
2             59               0.86329E+00       79.9998       74.3305        -7.09 L
3             21               0.62573E+00       79.9998       63.2827       -20.90 L
4             31               0.87298E+00       79.9998       74.7469        -6.57 L
5             16               0.53536E+00       79.9998       58.5345       -26.83 L
6             11               0.55464E+00       79.9998       59.5793       -25.53 L
7             14               0.62331E+00       79.9998       63.1597       -21.05 L
8             32               0.83351E+00       79.9998       73.0373        -8.70 L
9             24               0.57071E+00       79.9998       60.4361       -24.45 L
10            12               0.60513E+00       79.9998       62.2323       -22.21 L
11            46               0.57736E+00       79.9998       60.7875       -24.02 L
12            44               0.84767E+00       79.9998       73.6554        -7.93 L
13            13               0.59292E+00       79.9998       61.6009       -23.00 L
14            57               0.91393E+00       79.9998       76.4798        -4.40 L
15            28               0.59767E+00       79.9998       61.8471       -22.69 L
16            83               0.12875E+01       79.9998       90.7734        13.47 L
17            82               0.12942E+01       79.9998       91.0101        13.76 L
18            75               0.96267E+00       79.9998       78.4928        -1.88 L
19            45               0.91535E+00       79.9998       76.5393        -4.33 L
20            88               0.10245E+01       79.9998       80.9757         1.22 L
21            64               0.10863E+01       79.9998       83.3824         4.23 L
22            94               0.99969E+00       79.9998       79.9878        -0.02 L
23            63               0.11605E+01       79.9998       86.1802         7.73 L
24            65               0.10949E+01       79.9998       83.7081         4.64 L

FLOW THROUGH NOZZLES (이어짐)
====================
Nozzle Label  Input Label      Inlet Press     Req. Flow      Flowrate  % Deviation
                                (kg/cm2 G)     (lit/min)     (lit/min)
-----------------------------------------------------------------------------------
25            74               0.13905E+01       79.9998       94.3360        17.92 L
26            117              0.10262E+01       79.9998       81.0399         1.30 L
27            87               0.15174E+01       79.9998       98.5452        23.18 L
28            115              0.10459E+01       79.9998       81.8154         2.27 L
29            99               0.10666E+01       79.9998       82.6214         3.28 L
30            97               0.15369E+01       79.9998       99.1781        23.97 L
  끝의 L 은 최소 작동압에 못 미친 노즐을 가리킨다.

FLOW AT INLETS
==================
Inlet Node       Pressure      Flowrate   Equivalent K-factor
               (kg/cm2 G)     (lit/min)   (lit/min, kg/cm2 G)
-------------------------------------------------------------
M1/0                0.000 *        2286                0.0000
  값 뒤의 * 는 그 값이 지정값(specification)임을 뜻한다.

MATERIALS TAKE-OFF / PIPE LENGTHS
=================================
  Nom. Size   Tot. Length
                 (metres)
-------------------------
    25.0000         33.27
    32.0000         1.961
    40.0000         12.35
    50.0000         26.19
    65.0000         58.20
    80.0000         7.842
   125.0000         11.63
   150.0000         92.27

MATERIALS TAKE-OFF / NOZZLES
============================
Type                        K-Factor   Number

---------------------------------------------
SP-HEAD                      80.0000       30


MATERIALS TAKE-OFF / FITTINGS
=============================
Fitting Nominal Size     1     2     3     4     5     6     7     8     9
          (milli.m.)
--------------------------------------------------------------------------
             25.0000     9     8     0     4     0     0     0     0     0
             32.0000     0     0     0     1     0     0     0     0     0
             40.0000     1     4     0     5     0     0     0     0     0
             50.0000     0     1     0     8     0     0     0     0     0
             65.0000     1     1     0    14     0     0     0     0     1
             80.0000     0     1     0     1     0     0     0     0     0
            150.0000     0     0     0     0     1     1     0     0     0

  Fitting Types are :
  1 -- 45 Deg Elbow
  2 -- 90 Deg Standard Elbow
  3 -- 90 Deg Long Radius Elbow
  4 -- Tee or Cross (Flow Turned Thro 90 Deg)
  5 -- Gate Valve
  6 -- Swing Check Valve
  7 -- Non-Return Valve
  8 -- Ball Valve
  9 -- Butterfly Valve

MATERIALS TAKE-OFF / OTHER EQUIPMENT
====================================
Type                           Number

-------------------------------------
Pumps                               0
Orifice Plates                      0
Deluge valves                       0
Non-Return Valves                   0
Elastomeric Valves                  0
Special equipment                  31

생성 출처와 고지
==================
  결과 파일   : 2. Pipenet_auto.xml
  도면 파일   : 2. Pipenet_auto.sdf
  해석 시각   : 29-Jun-2026 16:55
  해석기      : Spray 1.8
  문서 생성   : 2026-08-07 00:00 (모듈 D5)

  이 문서는 PIPENET 이 만든 문서가 아니다. PIPENET 이 남긴 결과 파일에 적힌 수치를
  옮겨 적어 자체 서식으로 짠 것이며, 해석 자체를 다시 하지 않았다. 따라서 여기 실린
  값은 아래 원본 파일이 담고 있는 값과 같고, 그 이상도 이하도 아니다.

생성 출처와 고지 (이어짐)
==================

  원본 파일의 해석이 유효한지, 그 결과를 이 현장에 적용해도 되는지는 자격 있는
  기술자가 따로 확인해야 한다.

WARNINGS
==================
  최대유속을 넘은 관로 2개
    *** 경고 - 관로 10 의 유속이 규격표의 최대유속을 넘는다
    *** 경고 - 관로 11 의 유속이 규격표의 최대유속을 넘는다

  최소 작동압에 못 미친 노즐 30개
    *** 경고 - 노즐 1 의 입구압이 최소 작동압보다 낮다
    *** 경고 - 노즐 2 의 입구압이 최소 작동압보다 낮다
    *** 경고 - 노즐 3 의 입구압이 최소 작동압보다 낮다
    *** 경고 - 노즐 4 의 입구압이 최소 작동압보다 낮다
    *** 경고 - 노즐 5 의 입구압이 최소 작동압보다 낮다
    *** 경고 - 노즐 6 의 입구압이 최소 작동압보다 낮다
    *** 경고 - 노즐 7 의 입구압이 최소 작동압보다 낮다
    *** 경고 - 노즐 8 의 입구압이 최소 작동압보다 낮다
    *** 경고 - 노즐 9 의 입구압이 최소 작동압보다 낮다
    *** 경고 - 노즐 10 의 입구압이 최소 작동압보다 낮다
    *** 경고 - 노즐 11 의 입구압이 최소 작동압보다 낮다
    *** 경고 - 노즐 12 의 입구압이 최소 작동압보다 낮다
    *** 경고 - 노즐 13 의 입구압이 최소 작동압보다 낮다
    *** 경고 - 노즐 14 의 입구압이 최소 작동압보다 낮다
    *** 경고 - 노즐 15 의 입구압이 최소 작동압보다 낮다
    *** 경고 - 노즐 16 의 입구압이 최소 작동압보다 낮다
    *** 경고 - 노즐 17 의 입구압이 최소 작동압보다 낮다
    *** 경고 - 노즐 18 의 입구압이 최소 작동압보다 낮다
    *** 경고 - 노즐 19 의 입구압이 최소 작동압보다 낮다
    *** 경고 - 노즐 20 의 입구압이 최소 작동압보다 낮다
    *** 경고 - 노즐 21 의 입구압이 최소 작동압보다 낮다
    *** 경고 - 노즐 22 의 입구압이 최소 작동압보다 낮다
    *** 경고 - 노즐 23 의 입구압이 최소 작동압보다 낮다
    *** 경고 - 노즐 24 의 입구압이 최소 작동압보다 낮다
    *** 경고 - 노즐 25 의 입구압이 최소 작동압보다 낮다
    *** 경고 - 노즐 26 의 입구압이 최소 작동압보다 낮다
    *** 경고 - 노즐 27 의 입구압이 최소 작동압보다 낮다
    *** 경고 - 노즐 28 의 입구압이 최소 작동압보다 낮다
    *** 경고 - 노즐 29 의 입구압이 최소 작동압보다 낮다
    *** 경고 - 노즐 30 의 입구압이 최소 작동압보다 낮다

  읽으면서 남긴 기록:
    flowrate 선언 'lit/min' 과 실측이 어긋난다 (선언 60000 / 실측 1) — 실측을 쓴다
    pressure 선언 'kg/cm2 G' 과 실측이 어긋난다 (선언 1.01972e-05 / 실측 1) — 실측을 쓴다

WARNINGS (이어짐)
==================
    pressureDifference 선언 'kg/cm2' 과 실측이 어긋난다 (선언 1.01972e-05 / 실측 1) — 실측을 쓴다
    'K-factor' 의 환산 계수를 파일이 정하지 않는다 — 값을 그대로 싣는다

